348,37.47
mixamorig:RightHand\JointController\antTorqueX,mixamorig:RightHand\JointController\antTorqueY,mixamorig:RightHand\JointController\antTorqueZ,mixamorig:RightForeArm\JointController\antTorqueX,mixamorig:RightForeArm\JointController\antTorqueY,mixamorig:RightForeArm\JointController\antTorqueZ,mixamorig:RightArm\JointController\antTorqueX,mixamorig:RightArm\JointController\antTorqueY,mixamorig:RightArm\JointController\antTorqueZ,mixamorig:LeftHand\JointController\antTorqueX,mixamorig:LeftHand\JointController\antTorqueY,mixamorig:LeftHand\JointController\antTorqueZ,mixamorig:LeftForeArm\JointController\antTorqueX,mixamorig:LeftForeArm\JointController\antTorqueY,mixamorig:LeftForeArm\JointController\antTorqueZ,mixamorig:LeftArm\JointController\antTorqueX,mixamorig:LeftArm\JointController\antTorqueY,mixamorig:LeftArm\JointController\antTorqueZ,ybot_rig_arms_v6_split_ragdoll - v4\AntagonisticGains\stiffnessMultiplierLeft,ybot_rig_arms_v6_split_ragdoll - v4\AntagonisticGains\stiffnessMultiplierRight
0.00,0.00,0.59,0.00,0.00,5.60,0.00,0.00,20.51,0.00,0.00,0.59,-2.65,0.00,5.60,0.00,0.00,20.51,0.50,0.50
-4.54,-1.05,-6.68,-25.15,-0.10,-4.15,18.41,-1.59,-2.00,-9.31,0.60,-8.55,790.37,1.39,1.32,-40.10,16.87,-18.27,0.50,0.50
-0.69,-0.06,-2.22,-2.84,-0.09,-2.78,2.33,0.61,-8.14,-2.08,0.49,-6.50,-0.41,1.49,1.00,-26.89,-1.51,2.55,0.50,0.50
0.10,0.04,-0.69,4.79,0.00,-4.24,-3.96,-0.49,-0.49,-1.59,-0.12,-2.49,-0.73,1.17,-1.22,-15.06,0.28,2.75,0.50,0.50
1.48,0.03,0.68,6.79,0.22,-4.51,-3.60,-3.05,19.49,-1.35,-0.10,-0.12,-0.93,0.00,-2.55,4.02,0.94,4.39,0.50,0.50
1.89,0.16,2.79,12.35,0.29,10.40,2.53,-9.94,44.51,0.19,-0.05,0.24,-15.35,-0.98,3.88,19.44,3.54,3.05,0.50,0.50
1.04,-0.02,3.67,8.90,0.23,16.90,16.31,-8.43,34.05,1.71,-0.02,-0.78,8.78,-0.99,6.34,13.55,2.06,1.06,0.50,0.50
1.94,0.00,3.63,13.19,0.35,25.00,21.39,-6.00,26.72,1.98,0.02,-1.19,-12.43,-1.07,11.13,14.91,1.64,0.28,0.50,0.50
3.34,0.00,3.01,15.54,0.59,37.08,18.32,-3.87,16.36,1.66,0.03,-1.01,8.28,-1.14,18.36,13.16,1.17,-0.39,0.50,0.50
3.80,-0.04,2.00,15.18,0.91,52.07,9.81,-1.47,3.61,1.31,0.03,-0.70,0.23,-1.08,23.20,4.91,0.25,-0.77,0.50,0.50
3.12,-0.08,1.04,9.92,1.15,72.81,0.37,1.25,-6.37,-0.05,0.00,-0.59,-3.25,-1.07,25.84,-4.35,-0.33,0.17,0.50,0.50
1.17,-0.04,-0.16,-0.37,1.16,79.99,-7.16,3.63,-11.48,-1.24,-0.04,-0.26,-0.03,-1.00,26.00,-9.80,-0.65,1.57,0.50,0.50
-0.95,-0.03,-0.97,-8.06,1.08,62.99,-14.00,4.20,-15.61,-2.05,-0.06,0.74,-0.69,-0.99,17.71,-10.18,-1.36,2.86,0.50,0.50
-2.26,-0.02,-1.22,-12.64,0.91,37.75,-19.68,2.58,-12.19,-2.89,-0.05,1.51,1.61,-0.98,13.25,-10.78,-1.48,4.14,0.50,0.50
-2.80,-0.04,-0.40,-11.24,0.57,16.82,-23.41,2.62,-2.73,-3.93,0.09,1.84,-6.92,-0.93,11.72,-11.23,-1.35,6.16,0.50,0.50
-2.30,-0.05,0.03,-9.90,0.39,6.69,-25.34,6.14,-8.45,-4.30,-0.07,1.88,-7.16,-0.83,11.28,-11.83,-0.42,7.95,0.50,0.50
-2.04,0.04,-0.94,-15.24,0.54,0.69,-29.22,2.55,-20.84,-3.97,-0.04,2.08,-7.15,-0.69,12.48,-12.17,0.50,9.22,0.50,0.50
-2.41,0.05,-1.17,-12.43,0.80,-0.84,-28.53,3.16,-19.80,-3.66,-0.04,2.37,-4.85,-0.60,15.79,-11.95,1.07,10.22,0.50,0.50
-2.29,-0.06,-0.98,-8.10,1.06,0.18,-26.33,5.97,-15.15,-2.97,-0.04,2.33,-7.57,-0.61,20.25,-10.16,1.89,10.63,0.50,0.50
-1.97,-0.03,-0.67,-5.14,1.10,1.68,-23.57,8.46,-15.49,-2.31,-0.02,1.76,-5.88,-0.72,20.71,-5.23,3.29,10.72,0.50,0.50
-1.08,-0.01,-0.49,-2.43,1.11,4.28,-19.27,11.25,-18.35,-0.92,0.00,1.67,-5.92,-0.68,13.06,-1.94,2.38,10.51,0.50,0.50
91.91,14.27,-4.92,3.28,74.78,85.68,-16.13,10.88,-22.89,0.87,-0.03,0.93,-3.48,-0.68,3.23,-0.56,2.36,9.69,0.50,0.50
17.80,-2.85,87.62,35.44,-3.98,-25.47,-11.29,17.73,-10.70,2.06,-0.05,-0.61,-4.34,-0.78,-1.97,2.53,3.75,8.28,0.50,0.50
7.51,-0.80,144.55,-4.94,7.17,83.94,17.35,-15.59,90.05,2.26,0.01,-1.28,-11.80,-0.90,-2.21,6.74,4.86,6.87,0.50,0.50
16.46,-0.96,167.76,-64.70,2.76,3.05,82.31,1.30,148.36,2.36,0.07,-1.13,-5.45,-0.89,4.16,10.30,4.74,4.66,0.50,0.50
10.37,-1.08,134.12,2.59,3.02,4.13,9.82,-0.03,10.44,2.42,0.03,-1.13,-1.95,-0.89,5.09,12.14,3.55,3.60,0.50,0.50
8.89,-2.41,117.56,2.53,2.85,4.51,11.97,-0.77,5.02,2.25,0.02,-1.20,1.84,-0.94,4.25,12.86,2.75,2.33,0.50,0.50
10.70,-2.45,121.16,2.43,2.86,4.45,12.97,-1.28,4.86,1.94,0.00,-1.29,5.02,-1.00,6.84,13.78,2.02,1.02,0.50,0.50
10.54,-2.68,84.27,11.97,3.39,30.22,4.48,-1.63,-0.66,-4.16,-0.64,34.27,-15.48,-2.68,83.61,33.96,3.57,3.10,0.50,0.50
11.00,-2.77,76.81,7.25,3.34,48.20,8.75,-2.10,6.15,-5.92,-0.35,31.21,-5.06,-3.26,85.65,-31.67,7.92,8.27,0.50,0.50
10.57,-2.57,69.01,8.25,3.55,88.47,6.90,-2.24,3.51,-11.66,-1.80,5.73,847.28,-2.58,1.86,-43.75,-4.40,29.12,0.50,0.50
10.54,-2.59,64.32,-6.48,3.69,88.08,10.49,-2.37,14.35,-11.22,-2.01,19.27,-3.27,-2.75,2.82,-21.68,2.30,14.94,0.50,0.50
10.32,-2.20,91.23,8.93,3.19,36.66,0.21,-1.32,1.11,-10.07,0.05,6.02,-3.01,-2.81,2.88,-20.85,1.82,14.77,0.50,0.50
9.61,-1.67,91.58,11.83,3.12,41.78,-1.83,-1.10,-3.45,-1.81,0.22,2.58,-2.97,-2.35,27.02,-12.34,1.14,12.14,0.50,0.50
7.93,-0.44,70.40,19.21,2.95,87.87,-2.49,0.56,1.61,-1.98,-0.02,-0.19,-37.67,-2.48,87.88,-3.35,2.73,5.98,0.50,0.50
5.55,2.69,44.86,15.27,2.47,87.71,0.76,1.43,9.79,-0.76,0.08,1.43,-16.06,-2.47,88.05,-1.35,0.83,4.81,0.50,0.50
2.72,5.08,32.25,9.64,1.99,88.58,0.13,3.60,19.74,-0.57,0.47,1.54,-11.61,-2.42,88.14,1.34,-1.15,2.76,0.50,0.50
0.32,6.41,26.49,-1.26,1.41,89.29,-2.85,9.26,10.23,0.28,0.65,1.33,-7.40,-2.32,88.17,3.92,-3.53,0.22,0.50,0.50
-2.67,6.02,27.10,-18.04,0.63,91.02,-5.58,21.23,9.06,0.83,0.70,0.87,-0.93,-2.19,92.19,5.76,-5.22,-0.59,0.50,0.50
-2.46,0.23,-1.64,5.78,-3.31,36.49,-1.55,37.51,9.37,1.99,0.67,0.51,4.39,-2.02,86.89,9.35,-7.54,-0.88,0.50,0.50
66.33,0.12,110.00,17.68,-3.74,-25.12,6.27,50.76,19.47,4.56,0.61,-0.05,8.69,-1.87,86.11,16.01,-9.78,0.58,0.50,0.50
2.63,1.12,6.41,-11.02,-2.00,87.86,16.50,13.03,-66.25,8.28,0.59,-1.00,11.74,-1.90,84.90,23.18,-11.77,5.32,0.50,0.50
16.82,-1.01,-11.39,-263.10,3.57,21.51,240.95,-7.48,99.18,15.90,0.69,-2.31,7.54,-2.14,84.99,-7.63,-12.91,10.48,0.50,0.50
11.60,-1.43,-0.32,-77.80,3.87,3.49,165.99,-7.07,0.74,2.82,0.62,-1.56,6.97,-2.41,88.42,-33.49,-14.17,15.70,0.50,0.50
10.48,-0.55,6.27,2.53,3.82,3.61,9.00,2.32,29.17,-5.98,1.37,9.14,-8.73,-0.11,89.40,-33.19,-6.15,10.10,0.50,0.50
0.57,0.06,0.83,16.66,3.03,9.12,-3.35,-0.49,13.61,1.36,-0.78,-2.76,11.60,-0.30,88.78,-67.54,7.78,-7.82,0.50,0.50
0.40,-0.09,-0.21,19.28,3.23,88.02,-4.84,-0.52,1.48,-11.49,1.67,-16.21,1997.51,-1.96,3.55,-58.93,11.08,16.58,0.50,0.50
-0.73,0.08,-0.45,12.41,3.42,87.46,0.88,1.99,-4.97,-8.90,0.34,6.57,-2.37,-2.52,3.36,-20.09,2.23,17.01,0.50,0.50
-0.82,0.12,-1.19,7.74,3.48,86.98,3.96,3.97,-3.57,0.81,-0.03,-1.45,-2.48,-2.02,3.38,-18.59,2.44,16.66,0.50,0.50
-0.10,-0.39,-1.62,3.85,3.29,86.45,6.47,6.13,-5.08,1.05,-0.11,0.44,-2.63,-2.00,3.27,-19.07,1.94,17.79,0.50,0.50
0.52,-1.33,-1.51,-0.86,3.08,86.12,5.47,7.90,-2.88,0.74,-0.02,0.47,-2.59,-2.02,3.50,-18.60,1.47,18.07,0.50,0.50
0.08,-2.04,0.19,-4.09,2.86,86.11,3.74,9.35,-0.85,-0.94,-0.01,0.05,-82.50,-2.29,87.40,-4.31,1.21,9.26,0.50,0.50
-1.90,-1.94,2.20,-16.62,2.50,86.15,5.26,12.27,-2.68,0.01,0.14,0.51,-18.54,-2.18,87.30,-4.33,0.29,3.40,0.50,0.50
-6.23,-0.91,-0.48,-30.42,1.73,86.01,6.13,9.28,8.59,0.55,0.24,-0.89,-10.04,-2.04,87.17,-3.13,-2.23,-2.75,0.50,0.50
-7.87,-1.23,1.22,-15.49,0.95,86.21,2.64,13.71,1.36,0.76,0.37,-1.45,-2.29,-1.95,86.92,-3.53,-6.11,-4.10,0.50,0.50
-8.15,-1.12,1.98,-14.77,0.53,86.37,1.18,20.05,-0.22,0.18,0.41,-2.27,-1.40,-2.00,86.45,-3.30,-8.49,-4.40,0.50,0.50
-3.90,-1.04,14.02,9.69,-1.73,86.84,-0.10,24.77,-2.12,-0.33,0.36,-2.65,1.73,-1.99,85.90,-3.54,-10.03,-3.20,0.50,0.50
-3.49,0.50,0.04,10.33,-1.88,87.31,-0.34,24.12,8.65,0.33,0.59,-2.32,7.10,-1.73,85.77,-0.54,-9.57,-0.24,0.50,0.50
3.06,0.10,-2.93,-48.76,0.66,87.65,38.26,8.86,-32.84,2.05,0.67,-0.85,12.34,-1.16,85.75,1.48,-14.34,1.19,0.50,0.50
0.24,-0.13,-5.44,-31.95,3.35,86.78,61.70,2.07,-8.72,3.40,0.68,-0.59,20.74,-0.52,84.88,-5.25,-19.82,0.81,0.50,0.50
4.70,1.00,-1.77,4.42,4.46,85.81,20.40,3.97,-1.91,11.35,0.64,0.64,35.36,0.56,84.32,49.45,-33.90,-0.25,0.50,0.50
4.29,0.64,-0.27,16.78,4.69,84.81,14.52,7.76,-15.06,19.67,3.00,-7.40,-11.50,13.31,84.12,-50.01,-50.18,-14.92,0.50,0.50
4.60,-0.28,1.48,6.51,4.27,79.09,-0.03,11.67,-9.75,-4.79,2.31,84.60,-26.10,10.60,-26.51,-182.16,-63.31,-10.18,0.50,0.50
-0.48,-1.77,-0.24,-8.47,3.24,83.99,-4.16,9.74,3.24,-3.85,1.06,36.01,-20.24,6.51,-27.12,-204.72,-59.56,26.55,0.50,0.50
-3.92,-1.11,-0.95,-19.83,2.24,85.90,-8.27,8.63,13.70,-7.34,0.42,-6.14,4.55,-0.07,84.26,-105.77,-35.97,5.87,0.50,0.50
-2.88,-1.01,-1.70,4.89,1.20,87.12,-23.86,6.18,7.09,-10.06,1.45,-3.45,2867.94,-2.16,3.18,-84.24,12.17,25.07,0.50,0.50
-8.07,-1.19,-6.69,32.02,-3.43,69.38,2.56,35.67,-39.34,-10.12,-0.44,14.96,-2.81,-2.75,3.06,-19.64,0.65,18.30,0.50,0.50
-5.34,-0.09,-2.60,7.91,-2.70,-4.53,13.86,89.02,-6.83,-4.34,0.67,3.02,-2.81,-2.31,3.12,-20.10,1.65,17.78,0.50,0.50
-8.06,0.17,-2.67,-10.02,-0.69,-16.68,10.46,89.61,-104.63,1.61,-0.28,-0.27,-2.64,-2.19,10.65,-15.35,0.14,17.64,0.50,0.50
-1.98,1.49,-8.61,-39.17,0.24,5.72,29.83,-8.19,50.61,-2.11,0.07,0.37,-66.08,-2.41,86.63,-7.49,0.09,7.21,0.50,0.50
95.90,10.67,-8.59,15.06,49.80,82.99,-13.96,5.12,-20.81,-1.86,0.34,3.14,-17.19,-2.30,86.28,-9.63,-1.81,-0.88,0.50,0.50
59.29,-1.38,56.77,78.93,5.66,81.78,-17.72,-5.51,64.01,-0.73,0.35,1.54,-3.83,-2.21,85.77,-11.14,-2.22,-2.98,0.50,0.50
18.33,0.58,184.00,-164.42,1.73,39.93,99.16,-9.36,151.03,-0.02,0.22,-0.04,1.72,-2.22,85.25,-13.28,-1.15,-1.57,0.50,0.50
12.17,-0.83,152.45,2.51,2.23,3.83,17.13,1.03,28.36,-1.20,0.27,-0.55,-4.74,-2.31,85.12,-11.92,-1.98,-1.68,0.50,0.50
7.90,-1.34,109.66,2.90,2.35,4.49,10.62,-0.47,11.68,-1.41,0.40,0.99,-6.21,-2.26,85.28,-9.19,-6.00,-5.70,0.50,0.50
6.72,-2.32,107.18,2.97,2.44,4.48,11.39,-2.23,-3.58,-0.64,0.37,-0.06,-0.75,-2.22,85.44,-10.22,-5.80,-6.49,0.50,0.50
5.14,-2.06,104.82,3.52,2.42,4.10,13.14,-0.55,12.33,-0.53,0.38,-0.76,1.29,-2.21,85.44,-11.48,-5.53,-4.04,0.50,0.50
3.26,-0.12,92.80,3.65,2.36,4.02,11.33,0.48,25.34,-0.28,0.42,-0.60,3.49,-2.17,85.61,-13.10,-5.68,-1.62,0.50,0.50
1.56,0.85,74.17,3.21,2.54,4.37,9.04,1.43,29.09,0.01,0.44,-1.01,4.82,-2.12,85.89,-13.22,-4.79,-0.19,0.50,0.50
-0.35,0.83,34.63,3.46,2.81,4.52,5.38,0.63,17.48,0.47,0.44,-0.85,10.07,-2.02,85.55,-17.02,-4.48,3.29,0.50,0.50
0.19,-1.12,2.06,45.64,3.91,88.52,-9.57,-0.38,10.30,-0.88,0.39,-0.98,16.67,-1.85,85.25,-19.03,-6.84,4.62,0.50,0.50
-0.86,-1.56,2.55,15.46,3.70,87.53,-0.82,1.67,0.03,-2.03,0.24,-1.63,19.69,-1.66,84.63,-19.89,-9.93,3.44,0.50,0.50
-2.33,-1.64,1.84,1.37,3.26,87.08,1.14,4.92,-0.84,-2.47,-0.05,-2.00,22.11,-1.61,84.25,-20.90,-9.99,-0.18,0.50,0.50
-3.84,-1.40,0.86,-9.23,2.77,87.22,0.34,7.59,-1.09,-2.58,-0.03,-8.22,15.13,-2.11,83.46,-14.98,-12.47,-6.75,0.50,0.50
-5.20,-1.02,-0.30,-17.60,2.34,86.98,0.50,11.66,0.25,-4.61,-0.11,-5.11,6.64,-2.28,82.54,-10.38,-18.81,-3.54,0.50,0.50
-5.72,-0.77,-0.76,-19.40,2.19,87.13,0.15,15.10,1.76,11.39,0.04,-1.34,98.34,-1.49,86.09,2.06,-17.54,17.34,0.50,0.50
-5.24,-0.83,-0.44,-16.63,2.37,88.16,-0.94,16.74,13.52,5.26,-0.75,2.42,-1.58,-1.63,3.68,-16.63,5.46,12.68,0.50,0.50
-4.01,-1.60,1.98,-13.32,1.94,88.62,-1.98,19.06,-11.42,-1.11,-0.03,1.74,-2.06,-1.98,3.46,-12.61,1.73,16.07,0.50,0.50
-2.62,-2.11,-7.58,-0.70,-2.24,-0.95,1.35,24.90,-7.84,1.81,-0.30,0.13,-2.20,-1.93,3.54,-17.33,1.01,18.77,0.50,0.50
-0.17,-2.86,-6.62,-3.35,-1.46,-21.25,6.06,47.67,-35.10,0.61,0.03,0.30,-2.12,-1.89,3.66,-17.15,1.70,18.19,0.50,0.50
-5.74,-0.41,-7.95,-41.59,-0.27,-16.92,4.52,11.83,-93.12,1.16,-0.02,0.79,-2.14,-1.84,3.65,-17.23,1.99,17.96,0.50,0.50
7.47,0.80,-8.32,-79.17,0.78,15.05,51.46,-5.45,67.03,-0.41,-0.17,0.25,-41.21,-2.14,37.18,-4.94,2.86,11.93,0.50,0.50
10.69,1.99,1.58,-1.16,0.86,42.97,26.40,-4.94,35.81,1.20,0.25,-1.55,-37.20,-2.08,87.64,-1.35,1.25,3.01,0.50,0.50
7.01,-0.18,3.48,15.43,1.13,61.00,10.95,-1.82,2.50,3.19,0.18,-2.08,-4.76,-1.93,87.17,-3.39,-1.53,1.29,0.50,0.50
3.45,-0.12,1.22,7.58,1.17,79.48,3.35,1.91,-8.02,4.23,0.17,-2.44,7.13,-1.76,87.17,-3.44,-3.32,1.36,0.50,0.50
5.74,2.01,51.48,11.26,5.85,85.46,-8.54,1.95,-8.29,4.89,0.16,-2.28,16.82,-1.54,87.26,-6.27,-5.22,2.45,0.50,0.50
-1.36,0.89,18.06,11.53,5.06,85.13,-0.84,-2.10,13.74,6.18,0.10,-2.51,21.42,-1.31,87.21,-10.64,-9.78,5.64,0.50,0.50
-0.87,2.48,-5.62,-104.10,3.05,2.10,108.51,-4.84,163.77,5.80,0.19,-3.04,23.20,-1.12,87.70,-7.55,-12.15,5.47,0.50,0.50
14.82,1.08,13.51,-4.44,3.95,3.08,29.52,3.53,74.80,4.28,0.39,-2.65,22.27,-0.91,88.05,0.46,-13.33,4.49,0.50,0.50
9.26,-0.92,6.22,2.58,3.57,3.64,11.23,0.72,18.82,5.98,0.36,-2.24,22.75,-0.54,88.77,12.30,-15.65,1.56,0.50,0.50
-1.95,0.19,-0.17,2.24,3.01,3.67,6.93,0.46,17.96,61.01,3.33,-8.93,-22.49,10.72,32.71,9.84,-17.88,-2.89,0.50,0.50
-0.65,-0.03,0.66,2.04,3.06,3.78,6.68,0.22,16.51,7.88,1.80,-8.54,0.67,9.23,88.92,11.69,-24.74,-14.02,0.50,0.50
-1.10,0.19,1.39,20.33,3.34,4.45,-9.76,-0.02,22.11,0.80,1.80,-8.33,-24.18,2.98,7.32,-112.07,-28.83,-20.97,0.50,0.50
-0.92,-0.11,1.10,22.95,3.62,88.08,-8.13,-1.33,1.54,1.31,-1.24,-9.19,70.49,-0.68,-8.70,-73.50,9.21,4.18,0.50,0.50
-0.54,-0.64,1.46,13.42,3.59,87.14,-1.69,0.93,-2.52,-10.44,-0.56,-4.60,2.99,-1.36,5.83,-34.16,-1.78,15.71,0.50,0.50
-0.93,-0.85,0.06,2.87,3.29,86.69,1.51,3.62,-4.04,-6.33,-0.09,0.48,-5.30,-1.25,-0.50,-7.51,2.80,11.70,0.50,0.50
-0.80,-1.00,-1.22,-3.34,3.10,86.75,3.09,4.38,2.06,-1.67,0.01,0.72,-2.59,-1.04,-2.75,-0.80,1.44,7.95,0.50,0.50
-1.45,-0.78,-1.41,-7.80,2.89,87.49,5.93,3.92,10.51,-0.56,0.00,0.54,2.10,-1.02,1.83,14.29,1.40,2.98,0.50,0.50
-1.70,-0.94,-1.34,-9.69,2.47,87.50,7.91,6.07,3.35,1.03,0.03,0.39,11.65,-0.85,6.12,25.55,0.14,-0.89,0.50,0.50
-1.85,-1.04,-2.44,-10.87,2.11,87.65,7.62,6.40,1.81,2.13,0.01,0.07,15.34,-0.80,5.13,32.02,-0.64,-3.94,0.50,0.50
-2.03,-1.03,-2.60,-18.04,1.65,87.49,9.20,8.23,-1.28,2.64,-0.01,-0.25,18.18,-0.81,6.37,33.55,-0.91,-6.65,0.50,0.50
-2.28,-1.03,-1.47,-25.47,1.15,87.21,12.03,11.40,-2.82,2.92,-0.01,-0.56,5.69,-0.86,10.50,32.39,-0.83,-8.67,0.50,0.50
-2.28,-0.91,-1.29,-28.25,0.78,86.73,11.64,15.25,-2.56,2.97,0.02,-0.86,9.06,-1.00,17.00,29.48,-0.90,-9.37,0.50,0.50
-2.17,-0.85,-1.04,-19.72,0.69,86.77,8.07,18.14,-2.18,2.75,0.04,-1.01,8.81,-1.03,23.71,18.73,-1.44,-9.50,0.50,0.50
-1.86,-0.74,-0.31,-8.51,0.77,87.32,3.00,18.74,-5.80,1.53,0.02,-1.20,2.95,-1.09,26.29,3.05,-1.88,-8.01,0.50,0.50
-2.58,-1.63,-8.21,-1.77,-2.06,38.31,1.43,19.48,-20.13,-0.10,-0.03,-1.07,-3.95,-1.11,29.08,-8.77,-2.23,-5.77,0.50,0.50
-1.81,-2.04,-7.00,21.46,-2.04,70.04,-1.75,32.66,-97.25,-1.21,-0.06,-0.71,-9.36,-1.07,22.23,-15.56,-1.87,-2.98,0.50,0.50
-3.43,-0.35,-5.27,-28.00,-0.46,59.04,17.03,56.86,-207.14,-2.25,-0.05,-0.16,-24.95,-1.09,15.55,-17.42,-1.07,0.52,0.50,0.50
-2.67,0.83,-8.24,-6.97,0.84,27.80,10.47,5.96,-61.61,-3.36,-0.05,0.20,-19.49,-1.06,12.46,-20.79,-0.52,4.65,0.50,0.50
-1.44,-0.19,-4.70,8.10,0.58,12.70,-18.62,2.59,-22.18,-4.23,-0.05,0.51,-18.25,-0.99,11.46,-20.57,0.87,8.26,0.50,0.50
-1.77,0.09,-1.73,-7.25,0.48,2.63,-17.71,2.70,-11.88,-4.23,-0.04,0.93,-15.56,-0.83,11.81,-19.59,2.32,11.07,0.50,0.50
-1.89,-0.02,-1.24,-8.21,0.65,-0.38,-19.83,2.90,-14.20,-3.84,-0.04,1.42,-15.21,-0.69,13.83,-18.32,3.58,13.04,0.50,0.50
-1.64,-0.03,-1.13,-7.90,1.00,-0.35,-22.21,2.70,-14.58,-3.38,-0.04,1.82,-12.12,-0.63,18.19,-16.92,4.27,14.50,0.50,0.50
-1.60,-0.03,-0.79,-6.15,1.11,0.40,-20.31,5.81,-14.54,-3.07,-0.04,1.89,-11.22,-0.68,20.57,-11.05,4.77,15.05,0.50,0.50
-1.20,-0.03,-0.56,-2.06,1.14,3.32,-17.70,8.39,-17.52,-2.26,-0.01,1.80,-5.57,-0.73,16.31,-4.42,4.89,14.54,0.50,0.50
-0.46,0.02,-0.47,-0.60,1.12,6.00,-13.12,8.61,-19.25,-0.57,0.00,1.43,-0.94,-0.73,6.13,-0.43,3.85,13.82,0.50,0.50
0.26,0.05,-0.03,1.27,1.10,7.61,-8.56,4.80,-10.19,0.92,-0.02,0.90,2.21,-0.74,-1.06,2.71,2.27,11.95,0.50,0.50
0.36,0.02,0.55,0.90,1.01,1.91,-2.21,-1.87,18.15,1.17,-0.03,0.61,4.14,-0.83,-2.74,10.57,1.72,7.88,0.50,0.50
0.34,0.03,1.70,5.61,0.70,-4.75,5.59,-4.46,36.64,0.96,0.00,0.64,9.67,-0.89,2.69,23.20,1.57,2.77,0.50,0.50
78.74,0.49,75.84,11.87,1.31,11.93,-0.61,-0.03,13.00,-3.32,-0.76,32.84,-17.35,-2.52,70.20,32.27,8.31,2.64,0.50,0.50
14.08,3.41,69.60,24.54,8.46,84.15,6.54,-11.82,44.75,-1.60,-0.46,9.13,-1.05,-3.17,85.47,-16.82,8.24,8.91,0.50,0.50
23.27,-1.51,160.97,-112.81,2.90,2.36,159.85,-5.12,189.39,-11.44,-1.19,1.21,552.54,-2.78,1.45,-37.75,-2.33,24.79,0.50,0.50
13.52,-1.29,139.24,3.29,2.82,3.66,19.62,1.78,30.15,-11.15,-1.39,11.23,-3.65,-2.87,2.05,-22.97,2.36,14.15,0.50,0.50
15.59,-2.21,137.36,2.89,3.06,3.84,11.77,-0.21,-0.23,-8.98,0.38,5.32,-3.86,-2.93,1.82,-23.36,1.93,12.00,0.50,0.50
14.89,-2.20,93.89,34.02,3.62,32.54,-9.69,0.85,-26.40,-0.94,-0.36,5.30,-3.88,-2.65,1.67,-23.52,2.56,10.54,0.50,0.50
14.88,-2.30,88.37,29.66,3.77,41.41,-1.05,0.60,-9.43,-1.00,-0.73,0.33,-6.12,-2.77,1.28,-23.62,8.55,6.67,0.50,0.50
15.97,-2.19,100.11,15.09,3.61,31.11,5.82,0.01,1.07,-2.01,-0.55,0.28,-11.89,-2.79,-1.49,-22.68,16.27,3.51,0.50,0.50
16.75,-1.98,98.45,18.11,3.72,33.47,0.67,0.15,-8.69,-1.38,-0.50,0.59,-18.35,-2.70,-1.02,-22.79,20.12,1.78,0.50,0.50
16.98,-1.89,90.83,17.35,3.91,46.15,-0.37,0.21,-7.87,-2.56,-0.43,0.34,77.20,-2.68,-0.79,-23.02,20.37,2.33,0.50,0.50
17.33,-0.98,91.90,9.37,3.78,48.99,3.90,-0.01,7.33,-2.67,-0.10,-0.27,-17.59,-2.56,0.37,-21.60,18.42,3.30,0.50,0.50
15.45,0.06,76.64,12.41,3.76,86.25,0.80,-0.71,4.88,-1.97,-0.08,0.13,-1.28,-2.53,15.22,-17.13,11.41,4.54,0.50,0.50
11.88,1.35,60.40,6.60,3.82,86.60,4.75,-2.23,8.30,-0.81,-0.14,0.80,27.32,-2.48,33.25,-14.29,9.07,2.73,0.50,0.50
10.71,2.62,49.50,5.51,3.81,86.61,5.12,-2.28,7.18,-1.43,-0.10,0.16,-0.05,-2.56,56.38,-13.57,7.52,1.85,0.50,0.50
10.36,3.80,40.35,4.82,3.76,86.44,5.63,-1.71,1.87,-2.51,0.08,0.54,-9.87,-2.65,84.69,-11.33,5.18,-0.19,0.50,0.50
10.40,4.88,33.12,2.19,3.73,85.85,7.19,-0.72,-1.90,-2.78,0.20,-1.57,-10.61,-2.72,85.86,-9.84,3.31,-0.73,0.50,0.50
10.01,5.34,29.19,-3.74,3.76,85.69,8.27,-0.05,-1.09,-3.04,0.32,-2.49,-10.09,-2.75,88.76,-10.25,1.78,0.13,0.50,0.50
9.40,5.68,26.60,-11.94,3.66,85.56,8.58,0.83,-2.98,-3.45,0.36,-2.49,-8.35,-2.89,87.38,-9.55,2.29,-0.42,0.50,0.50
8.88,6.36,24.85,-10.96,3.44,85.47,9.11,2.27,-2.03,-2.82,0.47,-1.61,-7.96,-2.90,89.05,-9.27,2.81,-1.26,0.50,0.50
7.97,6.63,23.66,-12.42,3.23,85.58,12.80,3.28,0.43,-2.21,0.49,-0.95,-8.72,-2.85,92.46,-7.58,4.33,-5.75,0.50,0.50
6.88,7.34,22.49,-10.37,3.04,86.25,14.99,3.46,-2.51,-1.91,0.39,-0.65,-1.73,-2.83,95.10,-7.72,5.35,-12.74,0.50,0.50
6.90,7.60,21.14,-13.17,2.77,85.69,16.30,4.74,0.23,-0.23,0.21,-0.66,2.37,-2.83,89.63,-9.93,4.70,-15.32,0.50,0.50
6.54,7.71,20.15,-13.30,2.60,85.04,15.73,4.85,-1.33,0.21,0.16,-1.03,1.69,-2.82,92.71,-11.00,3.43,-17.96,0.50,0.50
6.45,7.50,18.97,-19.21,2.38,84.37,17.30,4.67,-4.43,0.09,0.16,-1.11,2.70,-2.85,87.05,-11.74,3.07,-19.58,0.50,0.50
6.65,7.25,17.69,-22.77,2.09,83.51,20.41,4.71,-6.81,-0.12,0.11,-1.46,3.49,-2.83,93.98,-12.96,2.06,-20.06,0.50,0.50
6.74,6.94,16.60,-14.79,1.85,82.85,22.51,4.18,-4.35,-0.88,0.10,-1.83,3.23,-2.90,95.45,-11.37,1.61,-20.76,0.50,0.50
6.95,6.30,16.47,2.28,1.85,80.83,14.92,1.81,-6.01,-1.21,0.09,-1.71,6.18,-2.92,95.15,-10.74,2.49,-21.46,0.50,0.50
6.90,6.51,16.81,-2.03,1.94,82.24,13.18,2.09,-7.17,-0.97,0.08,-1.70,11.55,-2.95,94.46,-11.39,5.60,-21.87,0.50,0.50
6.99,6.80,16.64,-14.68,1.90,83.39,19.08,3.56,-5.62,-0.40,0.12,-1.41,8.78,-2.94,85.32,-10.43,8.13,-23.05,0.50,0.50
7.84,6.74,16.08,14.57,1.98,87.68,13.79,2.78,-7.60,0.39,0.08,-0.89,11.61,-2.98,83.23,-12.42,8.92,-22.63,0.50,0.50
8.14,7.04,15.68,-9.91,1.99,91.21,12.03,2.73,-4.90,0.32,0.09,-1.23,13.76,-3.11,76.49,-13.16,10.42,-20.57,0.50,0.50
7.34,7.89,15.54,-48.63,2.07,76.65,15.46,4.52,5.48,0.28,0.03,-1.27,17.36,-3.23,64.98,-14.33,12.56,-17.70,0.50,0.50
5.96,7.86,15.65,-46.61,2.03,69.98,16.91,5.31,3.57,0.68,-0.08,-1.40,19.20,-3.31,57.63,-14.55,14.09,-16.23,0.50,0.50
3.82,7.01,16.24,-90.90,1.91,85.32,18.97,4.90,6.19,0.37,-0.01,-1.58,26.82,-3.38,51.95,-15.51,16.60,-16.98,0.50,0.50
1.80,5.73,17.32,-100.45,1.85,86.08,18.70,4.92,6.07,-0.31,0.07,-1.79,35.19,-3.37,56.58,-16.45,17.91,-18.57,0.50,0.50
1.63,6.11,16.82,-91.12,1.85,86.13,16.42,5.16,0.64,2.86,0.25,0.54,11.98,-2.97,74.46,-23.31,13.96,-18.04,0.50,0.50
2.36,7.20,15.61,-78.25,1.84,85.90,15.56,5.20,0.15,-0.92,0.12,-1.95,22.51,-3.15,82.47,-19.88,14.08,-16.53,0.50,0.50
1.58,6.63,15.59,-92.81,1.80,86.05,15.74,4.81,0.71,-3.71,0.10,-3.40,20.32,-3.28,86.28,-16.11,13.86,-21.16,0.50,0.50
-0.27,5.56,15.75,-104.69,1.52,85.46,19.63,5.72,2.97,-4.68,-0.07,-4.19,24.75,-3.32,88.27,-13.61,15.69,-27.02,0.50,0.50
-1.43,4.69,16.82,-133.60,1.34,85.08,22.28,7.33,4.79,-6.25,0.02,-3.49,29.36,-3.38,82.61,-8.92,19.44,-36.58,0.50,0.50
-2.34,3.44,18.79,-127.05,1.20,85.32,21.75,8.56,6.37,-3.96,-0.53,-1.86,-9.19,-4.73,93.79,2.33,12.75,-43.35,0.50,0.50
-4.06,1.46,21.49,-114.18,1.14,85.85,21.45,9.18,-4.97,8.09,0.00,4.79,-5.06,-3.73,88.91,11.97,15.39,-15.36,0.50,0.50
-3.70,1.66,22.66,-111.92,0.98,86.81,21.74,11.15,-3.33,14.18,-0.95,85.98,537.03,-1.38,46.65,-26.41,-19.18,55.11,0.50,0.50
-2.59,2.70,23.44,-106.34,0.85,86.45,20.94,11.55,-5.23,10.85,-3.15,96.74,-2.03,-1.01,6.55,-8.20,1.47,27.51,0.50,0.50
-0.65,4.29,23.49,-95.47,0.65,86.06,21.28,12.86,-7.10,5.03,-2.70,24.93,-114.01,-1.81,90.86,15.60,5.00,19.32,0.50,0.50
2.42,6.56,22.29,-70.69,0.43,85.66,21.39,15.07,-11.29,-2.95,-2.12,8.87,-4.68,-2.29,89.45,26.27,6.86,16.83,0.50,0.50
5.69,8.45,19.99,-59.04,0.39,81.71,21.20,18.31,-5.36,-2.86,-0.84,6.05,-4.33,-2.14,89.09,41.58,7.02,10.87,0.50,0.50
6.13,7.08,17.43,-74.69,0.32,75.69,16.10,15.90,-3.61,2.32,0.09,2.71,-0.84,-1.54,89.00,50.86,4.76,7.90,0.50,0.50
1.59,0.73,18.99,-136.18,-1.92,62.17,3.47,25.36,-8.17,3.55,-0.09,1.56,3.24,-1.31,88.94,54.16,3.18,6.09,0.50,0.50
-1.66,0.14,-1.27,-53.04,-4.38,65.92,6.25,62.71,-40.53,8.37,-0.16,2.56,6.75,-0.59,88.89,65.51,-1.27,2.86,0.50,0.50
-3.67,0.34,2.69,-174.87,-2.93,0.24,18.26,192.99,50.29,11.55,0.25,1.10,11.70,0.40,88.79,108.78,-4.66,5.73,0.50,0.50
-10.42,0.51,-4.11,13.34,0.13,35.27,41.55,63.94,-14.03,17.19,2.96,-2.93,-12.73,17.13,86.08,-58.51,-46.06,-24.54,0.50,0.50
4.50,1.33,-6.59,3.13,0.85,18.63,-6.54,1.35,-17.72,5.23,-0.12,-4.40,-0.87,1.30,-24.82,-187.48,-43.29,10.81,0.50,0.50
0.14,-0.13,-2.12,-4.21,0.49,8.55,-7.94,3.34,-14.68,7.77,-1.63,-9.62,113.88,-0.86,-5.04,-66.44,-1.91,10.22,0.50,0.50
-0.88,-0.02,-1.30,-6.60,0.50,0.73,-14.64,1.43,-10.89,-5.89,-0.80,-6.98,-4.90,-1.42,11.68,-18.92,0.26,10.64,0.50,0.50
-1.49,-0.01,-1.18,-5.18,0.75,-1.22,-17.47,3.07,-11.05,-4.96,-0.05,-1.00,-13.43,-1.09,16.28,-17.79,1.52,10.71,0.50,0.50
-1.40,-0.05,-0.99,-4.88,1.07,-0.51,-19.54,3.67,-12.52,-3.61,-0.04,0.99,-13.09,-0.83,20.40,-16.13,2.61,10.91,0.50,0.50
-1.43,-0.02,-0.74,-3.79,1.13,1.08,-18.12,5.75,-15.42,-3.07,-0.02,1.36,-8.77,-0.82,20.70,-9.72,3.43,11.15,0.50,0.50
-0.90,-0.01,-0.55,-2.66,1.14,4.01,-14.15,7.87,-19.70,-1.70,0.00,1.25,-5.83,-0.79,13.04,-3.22,3.30,11.14,0.50,0.50
-0.31,0.03,-0.37,-0.61,1.11,7.06,-9.38,6.04,-18.49,-0.11,0.00,0.87,1.68,-0.77,3.19,0.59,2.44,10.78,0.50,0.50
0.31,0.04,0.23,1.29,1.07,5.75,-3.97,1.64,-0.37,1.07,-0.03,0.43,4.05,-0.78,-1.94,5.31,1.40,8.25,0.50,0.50
0.61,0.04,1.02,3.12,0.93,-0.18,2.16,-3.32,26.39,1.17,-0.02,0.37,0.01,-0.87,-1.89,14.56,1.06,4.08,0.50,0.50
1.20,0.08,2.03,11.12,0.64,-0.79,6.06,-6.85,31.74,1.40,0.04,0.45,11.66,-0.82,4.89,26.83,0.50,-0.54,0.50,0.50
1.86,0.05,2.25,12.74,0.49,7.12,14.39,-6.62,32.37,2.24,0.01,0.17,18.10,-0.75,6.11,34.65,-0.37,-3.60,0.50,0.50
2.10,0.04,2.85,12.79,0.43,11.34,20.33,-8.24,34.57,2.80,0.00,-0.12,18.89,-0.77,5.45,36.07,-0.98,-6.31,0.50,0.50
2.54,0.00,3.36,14.87,0.44,17.86,26.49,-7.08,31.64,2.92,-0.01,-0.43,18.62,-0.81,8.21,35.06,-1.10,-8.70,0.50,0.50
3.38,-0.01,3.40,17.63,0.52,26.28,27.79,-4.83,23.86,3.08,0.00,-0.78,7.53,-0.91,13.51,32.42,-0.88,-9.83,0.50,0.50
4.33,-0.02,2.84,18.06,0.71,38.91,22.30,-3.11,14.07,2.91,0.03,-0.98,11.08,-1.04,21.20,26.28,-1.25,-10.25,0.50,0.50
4.35,-0.05,1.84,16.69,1.00,54.24,11.36,-0.86,0.43,2.44,0.03,-1.18,5.65,-1.04,25.28,10.39,-1.80,-9.50,0.50,0.50
3.35,-0.08,0.88,10.64,1.21,75.97,1.18,1.92,-7.81,0.65,0.00,-1.25,-2.49,-1.13,28.16,-3.12,-2.32,-7.38,0.50,0.50
1.18,-0.04,-0.35,-1.11,1.18,78.58,-7.07,3.86,-13.77,-0.60,-0.04,-0.95,-6.40,-1.09,26.69,-13.71,-2.34,-5.02,0.50,0.50
-1.00,-0.03,-1.08,-8.13,1.09,60.60,-14.10,4.37,-16.37,-1.81,-0.06,-0.48,-9.04,-1.09,18.15,-16.54,-1.38,-1.58,0.50,0.50
-2.31,-0.02,-1.24,-12.60,0.88,35.00,-20.07,2.33,-11.73,-2.91,-0.03,0.04,-15.34,-1.09,13.85,-19.67,-0.87,2.17,0.50,0.50
-2.82,-0.06,-0.24,-11.08,0.49,14.78,-22.77,3.51,-0.99,-3.93,-0.05,0.32,-17.99,-1.04,11.98,-21.15,-0.02,6.29,0.50,0.50
-2.03,-0.02,-0.02,-9.80,0.40,5.32,-25.73,7.28,-9.59,-4.33,-0.04,0.70,-17.52,-0.92,11.43,-20.02,1.54,9.59,0.50,0.50
-2.33,-0.06,-0.95,-13.83,0.54,-0.20,-28.60,4.21,-18.76,-4.07,-0.04,1.14,-16.41,-0.76,12.35,-18.96,2.99,11.95,0.50,0.50
-2.56,0.03,-1.18,-10.12,0.84,-0.90,-28.60,4.22,-17.77,-3.69,-0.03,1.63,-12.63,-0.66,15.89,-17.70,3.90,13.75,0.50,0.50
-2.29,-0.06,-0.93,-7.03,1.08,0.39,-26.21,6.93,-14.95,-3.25,-0.03,1.89,-12.20,-0.65,20.09,-14.83,4.49,14.77,0.50,0.50
-1.88,-0.04,-0.64,-4.49,1.10,2.07,-23.27,9.20,-15.57,-2.71,-0.02,1.85,-9.63,-0.71,19.38,-7.82,4.88,14.67,0.50,0.50
-1.01,0.00,-0.50,-1.91,1.11,4.45,-19.15,11.50,-18.88,-1.39,-0.01,1.63,-4.48,-0.72,11.48,-2.10,4.48,13.99,0.50,0.50
-0.20,0.04,-0.35,0.20,1.09,6.87,-14.27,9.28,-15.17,0.18,-0.01,1.16,2.72,-0.74,1.94,1.12,3.13,13.01,0.50,0.50
0.35,0.07,0.15,0.26,1.10,4.60,-9.73,2.22,3.13,1.17,-0.03,0.69,4.72,-0.78,-2.54,6.07,1.93,10.06,0.50,0.50
-0.19,-0.01,0.94,1.07,0.86,-1.13,-0.80,-2.82,25.55,0.98,-0.03,0.59,9.30,-0.88,-1.21,16.24,1.71,5.32,0.50,0.50
0.95,0.04,1.88,8.63,0.59,1.13,3.62,-6.49,27.30,1.52,0.03,0.58,11.97,-0.80,5.30,27.69,0.80,0.61,0.50,0.50
1.56,0.05,2.15,10.27,0.45,7.57,12.68,-6.93,32.47,2.36,0.01,0.26,14.39,-0.76,5.70,34.59,-0.19,-2.62,0.50,0.50
1.84,0.03,2.85,11.97,0.39,12.03,19.17,-8.14,33.82,2.82,0.00,-0.05,18.42,-0.78,5.41,35.58,-0.78,-5.51,0.50,0.50
1.08,-0.05,1.22,7.27,0.18,-0.79,22.24,2.86,-8.75,3.64,0.06,-0.86,-1.38,0.25,0.03,7.20,-1.11,-6.49,0.50,0.50
0.69,0.03,-2.00,0.44,0.05,-3.24,2.68,3.76,-34.03,1.23,0.09,-1.12,-1.00,1.36,-0.09,-18.07,-1.57,-4.77,0.50,0.50
-0.44,-0.05,-2.44,-1.05,-0.06,-2.64,-2.08,0.95,-12.69,-1.15,-0.05,-1.10,-0.83,1.63,0.99,-15.84,-0.94,-3.35,0.50,0.50
-0.42,-0.01,-1.16,-0.52,-0.09,-3.01,-1.72,0.31,-4.60,-1.20,-0.01,-0.92,-1.01,1.64,0.85,-10.69,-0.68,-2.67,0.50,0.50
-0.44,-0.01,-0.55,-0.01,-0.11,-3.20,-1.02,-0.13,-2.20,-0.93,-0.01,-0.77,-1.19,1.67,0.73,-7.59,-0.54,-2.11,0.50,0.50
-0.34,0.00,-0.28,0.30,-0.10,-3.30,-0.35,-0.25,-0.40,-0.72,0.00,-0.63,-1.33,1.69,0.62,-5.35,-0.42,-1.66,0.50,0.50
-0.23,0.00,-0.16,0.64,-0.11,-3.21,0.03,-0.32,0.38,-0.58,0.00,-0.52,-1.44,1.71,0.52,-3.85,-0.32,-1.26,0.50,0.50
-0.17,0.00,-0.10,0.84,-0.11,-3.39,0.43,-0.37,0.75,-0.50,0.00,-0.43,-1.52,1.74,0.46,-2.64,-0.23,-0.86,0.50,0.50
-0.16,0.00,-0.08,1.19,-0.13,-3.26,0.77,-0.47,0.65,-0.42,0.00,-0.36,-1.59,1.76,0.40,-1.75,-0.18,-0.48,0.50,0.50
-0.14,0.00,-0.07,1.29,-0.12,-3.44,1.27,-0.51,0.94,-0.36,0.00,-0.31,-1.65,1.77,0.35,-1.00,-0.12,-0.15,0.50,0.50
-0.16,0.00,-0.06,1.72,-0.14,-3.21,1.70,-0.60,1.24,-0.32,0.00,-0.26,-1.55,1.79,0.31,-0.42,-0.08,0.13,0.50,0.50
-0.12,0.00,-0.04,1.87,-0.14,-3.35,2.08,-0.64,1.56,-0.26,0.00,-0.22,-1.03,1.80,0.28,-0.18,-0.05,0.35,0.50,0.50
-0.09,0.00,-0.02,2.00,-0.14,-3.33,2.33,-0.64,1.95,-0.23,0.00,-0.19,0.43,1.80,0.24,-0.16,-0.03,0.49,0.50,0.50
-0.06,0.00,0.00,2.11,-0.14,-3.36,2.56,-0.63,2.29,-0.24,0.05,-0.21,-1.73,1.79,0.22,-0.08,-0.01,0.65,0.50,0.50
-0.02,0.00,0.02,2.22,-0.13,-3.38,2.64,-0.65,2.40,-0.33,0.08,-0.28,-1.72,1.78,0.21,-0.05,0.01,0.84,0.50,0.50
0.00,0.00,0.02,2.28,-0.12,-3.40,2.66,-0.67,2.39,-0.41,0.09,-0.32,-0.71,1.77,0.20,0.05,0.03,1.01,0.50,0.50
0.02,0.00,0.03,2.30,-0.12,-3.39,2.53,-0.68,2.24,-0.44,0.11,-0.36,-1.76,1.77,0.03,-0.02,0.04,1.20,0.50,0.50
0.03,0.00,0.03,2.24,-0.12,-3.38,2.39,-0.67,2.06,-0.46,0.11,-0.39,0.82,1.77,-0.18,-0.36,0.06,1.32,0.50,0.50
0.02,0.00,0.02,2.20,-0.13,-3.37,2.30,-0.67,1.87,-0.47,0.12,-0.40,-0.36,1.77,-0.22,-0.77,0.02,1.38,0.50,0.50
0.00,0.00,0.01,2.16,-0.13,-3.36,2.31,-0.66,1.77,-0.49,0.12,-0.41,-1.65,1.78,-0.15,-1.09,0.00,1.38,0.50,0.50
-0.01,0.00,0.00,2.17,-0.13,-3.35,2.42,-0.67,1.81,-0.53,0.11,-0.40,-1.21,1.78,-0.05,-1.14,0.04,1.35,0.50,0.50
-0.02,0.00,-0.01,2.23,-0.13,-3.34,2.55,-0.67,1.88,-0.54,0.11,-0.40,-1.11,1.78,-0.05,-1.22,0.05,1.35,0.50,0.50
-0.03,0.00,-0.01,2.30,-0.13,-3.28,2.65,-0.70,1.87,-0.54,0.11,-0.40,-1.37,1.78,-0.10,-1.28,0.03,1.37,0.50,0.50
-0.02,0.00,-0.01,2.37,-0.13,-3.28,2.71,-0.73,1.85,-0.57,0.11,-0.41,-0.24,1.79,-0.36,-1.31,0.02,1.45,0.50,0.50
-0.02,0.00,-0.01,2.42,-0.13,-3.28,2.85,-0.73,2.03,-0.45,0.17,-0.41,-2.59,1.79,-0.41,-1.18,0.25,1.45,0.50,0.50
0.01,0.00,0.01,2.51,-0.13,-3.28,2.85,-0.75,2.14,-0.47,0.17,-0.42,-2.62,1.79,-0.48,-1.55,0.20,1.49,0.50,0.50
0.03,0.00,0.02,2.51,-0.13,-3.27,2.86,-0.75,2.18,-0.48,0.16,-0.44,-2.31,1.79,-0.56,-1.74,0.26,1.53,0.50,0.50
0.04,0.00,0.03,2.51,-0.13,-3.31,2.86,-0.73,2.32,-0.52,0.17,-0.44,-2.55,1.79,-0.56,-2.14,0.04,1.62,0.50,0.50
0.05,0.00,0.04,2.48,-0.13,-3.29,2.79,-0.71,2.37,-0.57,0.15,-0.42,-1.40,1.78,-0.29,-2.13,-0.08,1.61,0.50,0.50
0.07,0.00,0.05,2.43,-0.13,-3.28,2.70,-0.70,2.36,-0.60,0.15,-0.44,-2.61,1.77,-0.48,-1.51,-0.04,1.71,0.50,0.50
0.08,0.00,0.05,2.41,-0.13,-3.27,2.69,-0.68,2.41,-0.58,0.16,-0.45,-1.02,1.76,-0.19,-1.42,-0.02,1.64,0.50,0.50
0.10,0.00,0.06,2.41,-0.12,-3.26,2.67,-0.64,2.63,-0.59,0.15,-0.44,-1.85,1.75,-0.19,-1.25,-0.01,1.63,0.50,0.50
0.13,0.00,0.08,2.27,-0.11,-3.31,2.51,-0.57,2.85,-0.61,0.15,-0.46,-2.57,1.74,-0.37,-0.76,0.13,1.66,0.50,0.50
0.17,0.00,0.09,2.09,-0.10,-3.30,2.27,-0.47,3.07,-0.61,0.16,-0.47,-0.67,1.73,-0.26,-0.81,0.10,1.65,0.50,0.50
0.20,0.00,0.11,1.86,-0.09,-3.29,1.88,-0.39,3.13,-0.59,0.17,-0.47,-1.81,1.73,-0.16,-1.02,0.03,1.65,0.50,0.50
0.21,0.00,0.11,1.57,-0.09,-3.42,1.46,-0.33,2.89,-0.62,0.16,-0.48,-1.83,1.71,-0.26,-0.93,0.00,1.67,0.50,0.50
0.18,0.00,0.09,1.34,-0.09,-3.41,1.13,-0.27,2.68,-0.60,0.17,-0.48,-2.39,1.70,-0.25,-0.80,0.07,1.67,0.50,0.50
0.14,0.00,0.07,1.15,-0.08,-3.40,0.89,-0.25,2.41,-0.59,0.17,-0.48,-2.36,1.69,-0.26,-0.85,0.07,1.70,0.50,0.50
0.10,0.00,0.04,1.04,-0.08,-3.39,0.74,-0.24,2.11,-0.59,0.17,-0.49,-2.43,1.69,-0.29,-0.86,0.11,1.74,0.50,0.50
0.05,0.00,0.02,0.96,-0.08,-3.39,0.66,-0.27,1.73,-0.60,0.17,-0.50,-2.41,1.70,-0.30,-0.95,0.10,1.78,0.50,0.50
0.00,0.00,-0.01,0.96,-0.09,-3.39,0.68,-0.31,1.37,-0.62,0.18,-0.50,-1.98,1.70,-0.24,-1.06,0.08,1.79,0.50,0.50
-0.05,0.00,-0.03,1.02,-0.09,-3.24,0.79,-0.36,1.14,-0.62,0.18,-0.51,-2.31,1.71,-0.25,-1.05,0.14,1.79,0.50,0.50
-0.09,0.00,-0.04,1.16,-0.10,-3.25,0.98,-0.42,1.05,-0.63,0.18,-0.52,-1.16,1.71,-0.27,-1.15,0.17,1.77,0.50,0.50
-0.09,0.00,-0.04,1.29,-0.10,-3.27,1.09,-0.47,0.91,-0.64,0.18,-0.53,-2.54,1.71,-0.44,-1.48,0.11,1.82,0.50,0.50
-0.11,0.00,-0.04,1.41,-0.10,-3.28,1.34,-0.50,1.10,-0.63,0.18,-0.52,-2.62,1.72,-0.47,-1.48,0.24,1.80,0.50,0.50
-0.09,0.00,-0.04,1.57,-0.11,-3.30,1.55,-0.53,1.21,-0.64,0.18,-0.53,-1.90,1.73,-0.51,-1.76,0.26,1.81,0.50,0.50
-0.09,0.00,-0.04,1.75,-0.11,-3.25,1.76,-0.60,1.09,-0.64,0.18,-0.52,-1.99,1.74,-0.60,-2.28,0.15,1.85,0.50,0.50
-0.10,0.00,-0.05,1.94,-0.11,-3.27,2.10,-0.67,0.98,-0.67,0.18,-0.50,-2.12,1.75,-0.72,-2.86,-0.09,1.89,0.50,0.50
-0.12,0.00,-0.06,2.14,-0.11,-3.27,2.49,-0.72,1.09,-0.67,0.17,-0.47,-1.68,1.76,-0.61,-2.71,-0.06,1.80,0.50,0.50
-0.13,0.00,-0.07,2.28,-0.12,-3.24,2.82,-0.74,1.32,-0.64,0.17,-0.44,-1.70,1.77,-0.61,-2.52,0.00,1.73,0.50,0.50
-0.12,0.00,-0.06,2.40,-0.13,-3.27,3.06,-0.75,1.68,-0.63,0.17,-0.42,-1.87,1.78,-0.80,-2.31,0.00,1.70,0.50,0.50
-0.10,0.00,-0.03,2.57,-0.14,-3.29,3.29,-0.79,2.12,-0.58,0.17,-0.40,-1.56,1.80,-0.77,-2.38,-0.01,1.59,0.50,0.50
-0.06,0.00,-0.01,2.72,-0.14,-3.30,3.37,-0.83,2.35,-0.49,0.16,-0.36,-0.67,1.81,-0.51,-2.65,0.10,1.48,0.50,0.50
0.00,0.00,0.01,2.80,-0.15,-3.31,3.54,-0.81,2.65,-0.55,0.10,-0.36,-1.13,1.81,-0.57,-2.66,0.05,1.56,0.50,0.50
0.02,0.00,0.03,2.85,-0.16,-3.31,3.52,-0.83,2.43,-0.57,0.10,-0.36,-1.64,1.83,-0.77,-2.53,-0.01,1.66,0.50,0.50
0.01,0.00,0.01,2.82,-0.16,-3.31,3.41,-0.84,2.28,-0.54,0.10,-0.35,-1.02,1.83,-0.70,-2.67,-0.01,1.57,0.50,0.50
0.00,0.00,0.01,2.73,-0.17,-3.31,3.26,-0.83,2.18,-0.49,0.09,-0.33,-0.43,1.84,-0.46,-2.79,0.08,1.38,0.50,0.50
0.00,0.00,0.01,2.67,-0.17,-3.31,3.17,-0.81,2.12,-0.47,0.09,-0.32,-0.13,1.84,-0.31,-2.76,0.13,1.24,0.50,0.50
-0.01,0.00,0.00,2.70,-0.17,-3.30,3.00,-0.85,1.74,-0.47,0.08,-0.32,-0.56,1.84,-0.26,-2.74,0.15,1.19,0.50,0.50
-0.03,0.00,-0.02,2.72,-0.16,-3.28,2.99,-0.88,1.39,-0.49,0.09,-0.34,-0.45,1.84,-0.39,-2.94,0.05,1.25,0.50,0.50
-0.04,0.00,-0.03,2.78,-0.14,-3.27,3.25,-0.84,1.88,-0.55,0.08,-0.36,-0.90,1.82,-0.28,-2.46,0.03,1.26,0.50,0.50
0.01,0.00,-0.01,2.80,-0.14,-3.31,3.12,-0.84,2.04,-0.55,0.09,-0.39,-1.00,1.80,-0.19,-2.07,0.01,1.28,0.50,0.50
0.05,0.00,0.02,2.75,-0.14,-3.31,3.04,-0.80,2.33,-0.59,0.09,-0.42,-1.06,1.79,-0.10,-1.66,0.02,1.31,0.50,0.50
0.09,0.00,0.05,2.69,-0.14,-3.30,2.96,-0.75,2.60,-0.57,0.16,-0.44,-1.12,1.79,-0.01,-1.43,0.05,1.35,0.50,0.50
0.11,0.00,0.07,2.62,-0.13,-3.29,2.90,-0.70,2.79,-0.59,0.17,-0.47,-1.02,1.78,0.17,-1.19,0.08,1.38,0.50,0.50
0.13,0.00,0.07,2.51,-0.13,-3.29,2.79,-0.66,2.81,-0.61,0.17,-0.49,-1.25,1.78,0.02,-1.03,0.09,1.42,0.50,0.50
0.13,0.00,0.07,2.41,-0.12,-3.34,2.63,-0.63,2.70,-0.61,0.18,-0.50,-1.31,1.77,0.18,-1.06,0.08,1.42,0.50,0.50
0.12,0.00,0.06,2.30,-0.12,-3.33,2.50,-0.61,2.55,-0.62,0.18,-0.51,-1.32,1.77,0.18,-1.12,0.08,1.43,0.50,0.50
0.11,0.00,0.05,2.18,-0.12,-3.31,2.38,-0.58,2.49,-0.63,0.18,-0.52,-1.33,1.76,0.17,-1.20,0.08,1.46,0.50,0.50
0.10,0.00,0.05,2.09,-0.12,-3.30,2.22,-0.56,2.44,-0.64,0.18,-0.52,-1.33,1.76,0.17,-1.28,0.08,1.51,0.50,0.50
0.09,0.00,0.04,1.98,-0.12,-3.28,2.09,-0.53,2.36,-0.64,0.18,-0.53,-1.35,1.75,0.15,-1.34,0.09,1.54,0.50,0.50
0.09,0.00,0.04,1.85,-0.12,-3.28,1.92,-0.49,2.31,-0.67,0.18,-0.53,-2.02,1.75,-0.09,-1.30,0.06,1.59,0.50,0.50
0.08,0.00,0.03,1.73,-0.12,-3.27,1.73,-0.47,2.24,-0.69,0.18,-0.55,-2.17,1.74,-0.19,-1.06,0.09,1.59,0.50,0.50
0.07,0.00,0.03,1.61,-0.12,-3.27,1.57,-0.43,2.18,-0.69,0.19,-0.56,-2.20,1.74,-0.21,-1.00,0.10,1.59,0.50,0.50
0.07,0.00,0.02,1.52,-0.12,-3.27,1.41,-0.41,2.11,-0.69,0.19,-0.57,-2.23,1.73,-0.21,-0.96,0.12,1.59,0.50,0.50
0.06,0.00,0.02,1.45,-0.12,-3.27,1.31,-0.41,2.03,-0.69,0.20,-0.58,-2.20,1.73,-0.23,-0.95,0.13,1.57,0.50,0.50
0.05,0.00,0.01,1.41,-0.12,-3.27,1.26,-0.39,2.01,-0.68,0.20,-0.58,-1.81,1.73,-0.19,-0.98,0.16,1.54,0.50,0.50
0.05,0.00,0.02,1.35,-0.11,-3.27,1.15,-0.36,2.32,-0.70,0.20,-0.58,-2.06,1.73,-0.18,-1.23,0.03,1.54,0.50,0.50
0.10,0.00,0.04,1.22,-0.11,-3.42,0.88,-0.29,2.57,-0.71,0.19,-0.59,-1.92,1.72,-0.06,-1.13,0.04,1.53,0.50,0.50
0.13,0.00,0.06,1.01,-0.10,-3.41,0.56,-0.22,2.66,-0.70,0.20,-0.60,-1.61,1.71,0.10,-1.11,0.05,1.51,0.50,0.50
0.13,0.00,0.06,0.80,-0.10,-3.41,0.27,-0.17,2.56,-0.69,0.20,-0.60,-1.60,1.70,0.10,-1.10,0.06,1.51,0.50,0.50
0.11,0.00,0.04,0.63,-0.09,-3.40,0.04,-0.17,2.14,-0.69,0.20,-0.60,-1.59,1.70,0.09,-1.09,0.06,1.50,0.50,0.50
0.04,0.00,0.01,0.58,-0.09,-3.40,0.02,-0.18,1.87,-0.70,0.20,-0.60,-1.59,1.70,0.09,-1.07,0.08,1.46,0.50,0.50
0.00,0.00,-0.01,0.61,-0.10,-3.40,0.08,-0.21,1.67,-0.71,0.20,-0.60,-1.58,1.70,0.08,-1.15,0.09,1.41,0.50,0.50
-0.04,0.00,-0.02,0.70,-0.11,-3.41,0.19,-0.27,1.42,-0.72,0.20,-0.59,-1.57,1.71,0.08,-1.32,0.10,1.38,0.50,0.50
-0.08,0.00,-0.04,0.87,-0.12,-3.26,0.44,-0.34,1.23,-0.74,0.20,-0.58,-1.58,1.72,0.09,-1.35,0.11,1.39,0.50,0.50
-0.11,0.00,-0.05,1.13,-0.13,-3.21,0.71,-0.44,0.91,-0.74,0.20,-0.56,-1.59,1.73,0.10,-1.38,0.09,1.43,0.50,0.50
-0.13,0.00,-0.06,1.34,-0.14,-3.18,1.13,-0.50,0.99,-0.72,0.19,-0.55,-1.60,1.74,0.11,-1.29,0.10,1.46,0.50,0.50
-0.15,0.00,-0.05,1.57,-0.14,-3.20,1.55,-0.57,1.22,-0.70,0.19,-0.53,-1.71,1.75,0.12,-1.18,0.10,1.50,0.50,0.50
-0.13,0.00,-0.04,1.76,-0.14,-3.28,1.92,-0.62,1.47,-0.68,0.19,-0.52,-2.12,1.75,-0.15,-1.08,0.08,1.56,0.50,0.50
-0.11,0.00,-0.03,1.92,-0.14,-3.31,2.18,-0.64,1.77,-0.65,0.19,-0.50,-2.33,1.76,-0.29,-1.19,0.03,1.56,0.50,0.50
-0.08,0.00,-0.01,2.02,-0.14,-3.35,2.40,-0.63,2.13,-0.60,0.19,-0.49,-2.44,1.76,-0.44,-1.35,0.02,1.54,0.50,0.50
-0.05,0.00,0.01,2.14,-0.14,-3.37,2.57,-0.63,2.38,-0.60,0.18,-0.48,1.29,1.75,-0.44,-1.48,0.07,1.50,0.50,0.50
-0.01,0.00,0.02,2.22,-0.13,-3.39,2.61,-0.65,2.38,-0.57,0.18,-0.47,-2.67,1.75,-0.54,-1.69,0.01,1.54,0.50,0.50
0.00,0.00,0.03,2.27,-0.12,-3.40,2.61,-0.67,2.35,-0.57,0.17,-0.47,-0.44,1.76,-0.50,-1.52,0.16,1.56,0.50,0.50
0.02,0.00,0.03,2.28,-0.12,-3.39,2.49,-0.68,2.22,-0.54,0.18,-0.47,-2.52,1.76,-0.56,-1.72,0.15,1.61,0.50,0.50
0.03,0.00,0.03,2.22,-0.12,-3.38,2.37,-0.67,2.05,-0.58,0.17,-0.46,-2.80,1.76,-0.62,-1.98,0.00,1.66,0.50,0.50
0.02,0.00,0.02,2.18,-0.13,-3.37,2.29,-0.67,1.87,-0.57,0.17,-0.46,-2.27,1.77,-0.54,-2.23,-0.01,1.65,0.50,0.50
0.00,0.00,0.01,2.15,-0.13,-3.36,2.29,-0.66,1.76,-0.58,0.17,-0.45,-1.07,1.77,-0.22,-2.26,0.02,1.54,0.50,0.50
-0.01,0.00,0.00,2.16,-0.13,-3.35,2.38,-0.66,1.79,-0.59,0.16,-0.44,-1.23,1.77,-0.21,-2.24,0.03,1.51,0.50,0.50
-0.02,0.00,-0.01,2.19,-0.13,-3.34,2.51,-0.66,1.86,-0.59,0.16,-0.44,-1.05,1.78,-0.17,-2.22,0.05,1.48,0.50,0.50
-0.02,0.00,-0.01,2.26,-0.13,-3.33,2.61,-0.69,1.88,-0.59,0.16,-0.43,-1.16,1.78,-0.20,-2.18,0.04,1.49,0.50,0.50
-0.02,0.00,-0.01,2.33,-0.13,-3.28,2.67,-0.71,1.84,-0.59,0.16,-0.43,-1.62,1.78,-0.31,-2.17,0.01,1.54,0.50,0.50
-0.02,0.00,-0.01,2.39,-0.13,-3.28,2.75,-0.73,1.89,-0.60,0.16,-0.45,-3.19,1.78,-0.76,-1.82,0.09,1.65,0.50,0.50
-0.01,0.00,-0.01,2.46,-0.13,-3.28,2.87,-0.73,2.12,-0.54,0.17,-0.45,-0.51,1.78,-0.56,-1.64,0.34,1.56,0.50,0.50
0.02,0.00,0.01,2.51,-0.13,-3.27,2.82,-0.75,2.12,-0.52,0.17,-0.46,-3.02,1.78,-0.70,-1.99,0.27,1.62,0.50,0.50
0.03,0.00,0.02,2.51,-0.13,-3.27,2.86,-0.74,2.20,-0.55,0.16,-0.47,-3.10,1.78,-0.76,-2.14,0.21,1.67,0.50,0.50
0.04,0.00,0.03,2.51,-0.13,-3.31,2.85,-0.73,2.32,-0.57,0.17,-0.45,-1.27,1.78,-0.68,-2.41,0.07,1.68,0.50,0.50
0.05,0.00,0.04,2.48,-0.13,-3.29,2.79,-0.71,2.37,-0.59,0.15,-0.44,-0.79,1.77,-0.20,-2.49,-0.04,1.62,0.50,0.50
0.06,0.00,0.05,2.43,-0.13,-3.28,2.71,-0.70,2.36,-0.64,0.15,-0.45,-2.31,1.77,-0.40,-1.92,-0.07,1.73,0.50,0.50
0.07,0.00,0.05,2.41,-0.13,-3.27,2.67,-0.68,2.37,-0.63,0.15,-0.45,-1.80,1.76,-0.35,-1.67,-0.07,1.70,0.50,0.50
0.09,0.00,0.06,2.41,-0.12,-3.27,2.70,-0.66,2.57,-0.60,0.15,-0.45,-1.81,1.75,-0.20,-1.48,-0.03,1.65,0.50,0.50
0.12,0.00,0.07,2.32,-0.11,-3.25,2.58,-0.59,2.73,-0.64,0.15,-0.46,-2.38,1.75,-0.32,-1.09,0.01,1.67,0.50,0.50
0.15,0.00,0.09,2.18,-0.11,-3.31,2.40,-0.52,2.96,-0.61,0.16,-0.47,-1.49,1.74,-0.26,-0.82,0.14,1.65,0.50,0.50
0.18,0.00,0.10,2.00,-0.10,-3.30,2.13,-0.44,3.14,-0.61,0.16,-0.48,-2.40,1.73,-0.29,-0.90,0.08,1.67,0.50,0.50
0.21,0.00,0.11,1.76,-0.09,-3.28,1.72,-0.37,3.05,-0.62,0.16,-0.48,-2.36,1.72,-0.29,-1.03,-0.02,1.69,0.50,0.50
0.20,0.00,0.10,1.51,-0.09,-3.42,1.37,-0.32,2.84,-0.61,0.16,-0.48,-2.42,1.71,-0.31,-0.91,0.02,1.69,0.50,0.50
0.18,0.00,0.08,1.30,-0.09,-3.40,1.08,-0.27,2.64,-0.61,0.17,-0.48,-1.32,1.70,-0.22,-0.87,0.06,1.67,0.50,0.50
0.14,0.00,0.06,1.13,-0.08,-3.40,0.88,-0.25,2.39,-0.58,0.17,-0.48,-2.44,1.69,-0.30,-0.88,0.09,1.71,0.50,0.50
0.10,0.00,0.04,1.03,-0.08,-3.39,0.75,-0.24,2.13,-0.59,0.17,-0.49,-2.29,1.69,-0.20,-0.89,0.10,1.72,0.50,0.50
0.06,0.00,0.02,0.98,-0.08,-3.39,0.67,-0.26,1.79,-0.60,0.17,-0.50,-2.40,1.70,-0.30,-0.97,0.10,1.77,0.50,0.50
0.01,0.00,-0.01,0.96,-0.09,-3.38,0.67,-0.30,1.45,-0.62,0.18,-0.50,-2.29,1.70,-0.24,-1.08,0.07,1.79,0.50,0.50
-0.03,0.00,-0.02,1.00,-0.09,-3.24,0.74,-0.34,1.19,-0.62,0.18,-0.51,-2.36,1.71,-0.28,-1.06,0.14,1.80,0.50,0.50
-0.08,0.00,-0.04,1.10,-0.09,-3.25,0.93,-0.38,1.10,-0.64,0.18,-0.52,-1.71,1.71,-0.26,-1.12,0.13,1.78,0.50,0.50
-0.09,0.00,-0.04,1.24,-0.10,-3.26,1.03,-0.45,0.96,-0.63,0.18,-0.52,-2.39,1.71,-0.34,-1.30,0.15,1.78,0.50,0.50
-0.10,0.00,-0.04,1.33,-0.10,-3.27,1.18,-0.49,0.96,-0.63,0.18,-0.53,-2.62,1.72,-0.49,-1.52,0.17,1.82,0.50,0.50
-0.10,0.00,-0.04,1.46,-0.10,-3.28,1.41,-0.51,1.14,-0.64,0.18,-0.53,-2.10,1.72,-0.46,-1.56,0.25,1.80,0.50,0.50
-0.09,0.00,-0.04,1.60,-0.11,-3.24,1.59,-0.55,1.22,-0.62,0.18,-0.53,-2.43,1.73,-0.57,-1.77,0.31,1.81,0.50,0.50
-0.09,0.00,-0.04,1.76,-0.11,-3.26,1.81,-0.61,1.05,-0.64,0.18,-0.52,-2.99,1.74,-0.82,-2.25,0.16,1.89,0.50,0.50
-0.10,0.00,-0.05,1.96,-0.11,-3.27,2.12,-0.67,0.98,-0.67,0.18,-0.50,-2.07,1.75,-0.70,-2.87,-0.09,1.89,0.50,0.50
-0.12,0.00,-0.06,2.14,-0.11,-3.27,2.48,-0.72,1.09,-0.67,0.17,-0.47,-1.68,1.76,-0.61,-2.72,-0.06,1.81,0.50,0.50
-0.12,0.00,-0.07,2.27,-0.12,-3.24,2.79,-0.74,1.28,-0.64,0.17,-0.45,-1.61,1.77,-0.60,-2.56,-0.01,1.74,0.50,0.50
-0.13,0.00,-0.06,2.37,-0.13,-3.26,3.01,-0.75,1.61,-0.64,0.17,-0.43,-2.16,1.78,-0.80,-2.28,0.01,1.72,0.50,0.50
