244,24.33
mixamorig:RightHand\JointController\antTorqueX,mixamorig:RightHand\JointController\antTorqueY,mixamorig:RightHand\JointController\antTorqueZ,mixamorig:RightForeArm\JointController\antTorqueX,mixamorig:RightForeArm\JointController\antTorqueY,mixamorig:RightForeArm\JointController\antTorqueZ,mixamorig:RightArm\JointController\antTorqueX,mixamorig:RightArm\JointController\antTorqueY,mixamorig:RightArm\JointController\antTorqueZ,mixamorig:LeftHand\JointController\antTorqueX,mixamorig:LeftHand\JointController\antTorqueY,mixamorig:LeftHand\JointController\antTorqueZ,mixamorig:LeftForeArm\JointController\antTorqueX,mixamorig:LeftForeArm\JointController\antTorqueY,mixamorig:LeftForeArm\JointController\antTorqueZ,mixamorig:LeftArm\JointController\antTorqueX,mixamorig:LeftArm\JointController\antTorqueY,mixamorig:LeftArm\JointController\antTorqueZ,ybot_rig_arms_v6_split_ragdoll - v4\AntagonisticGains\stiffnessMultiplierLeft,ybot_rig_arms_v6_split_ragdoll - v4\AntagonisticGains\stiffnessMultiplierRight
0.00,0.00,0.59,0.00,0.00,5.60,0.00,0.00,20.51,0.00,0.00,0.59,-2.65,0.00,5.60,0.00,0.00,20.51,0.50,0.50
2.84,-1.40,-7.78,-13.13,-0.09,-4.16,1.04,-13.97,5.48,-9.03,0.69,-8.47,718.20,1.42,1.22,-39.10,16.16,-18.49,0.50,0.50
0.62,0.07,-2.21,-0.75,-0.06,-2.76,0.68,-0.43,-11.91,-1.64,0.47,-5.76,-0.48,1.51,0.96,-27.10,-1.66,2.50,0.50,0.50
0.06,0.00,-0.83,1.20,-0.09,-3.10,0.94,0.16,-5.92,-1.04,-0.03,-2.28,-0.80,1.61,0.45,-16.65,0.38,1.31,0.50,0.50
0.10,0.00,-0.39,1.05,-0.09,-3.25,0.61,0.10,-1.30,-0.33,-0.01,-1.06,-1.03,1.69,0.12,-15.67,0.30,1.48,0.50,0.50
0.13,0.00,-0.18,0.72,-0.09,-3.32,0.19,0.01,0.94,-0.11,0.00,-0.55,-1.10,1.72,-0.06,-15.43,0.28,1.68,0.50,0.50
0.03,0.00,-0.08,0.66,-0.10,-3.36,-0.12,-0.32,1.23,-0.37,-0.06,-0.49,-1.06,1.72,-0.12,-15.45,0.23,1.83,0.50,0.50
-0.02,0.00,-0.04,0.67,-0.10,-3.38,0.05,-0.27,1.47,-0.52,-0.07,-0.50,-1.03,1.71,-0.13,-15.48,0.20,1.85,0.50,0.50
-0.03,0.00,-0.03,0.78,-0.10,-3.40,0.16,-0.25,1.59,-0.56,-0.08,-0.50,-1.03,1.71,-0.14,-15.48,0.20,1.83,0.50,0.50
-0.04,0.00,-0.02,0.87,-0.10,-3.25,0.23,-0.29,1.54,-0.58,-0.08,-0.51,-1.02,1.72,-0.14,-15.47,0.20,1.82,0.50,0.50
-0.03,0.00,-0.02,0.75,-0.10,-3.41,0.42,-0.27,1.50,-0.58,-0.08,-0.50,-1.03,1.72,-0.14,-15.45,0.21,1.82,0.50,0.50
-0.06,0.00,-0.02,1.00,-0.10,-3.42,0.59,-0.38,1.38,-0.57,-0.07,-0.49,-1.04,1.73,-0.13,-15.41,0.22,1.83,0.50,0.50
-0.12,0.01,-0.04,1.47,-0.12,-3.28,0.76,-0.56,1.07,-0.57,-0.07,-0.47,-1.04,1.74,-0.13,-15.42,0.21,1.86,0.50,0.50
-0.10,0.00,-0.04,1.46,-0.12,-3.45,1.16,-0.58,1.13,-0.56,-0.06,-0.45,-1.05,1.75,-0.12,-15.42,0.22,1.89,0.50,0.50
-0.11,0.00,-0.04,1.64,-0.12,-3.46,1.46,-0.72,1.26,-0.55,-0.06,-0.44,-1.06,1.75,-0.11,-15.42,0.23,1.91,0.50,0.50
-0.08,0.00,-0.02,1.70,-0.12,-3.48,1.88,-0.65,1.53,-0.54,-0.05,-0.44,-1.07,1.76,-0.11,-15.44,0.23,1.93,0.50,0.50
-0.07,0.00,-0.02,2.03,-0.14,-3.35,2.15,-0.67,1.71,-0.53,-0.05,-0.44,-1.07,1.76,-0.10,-15.47,0.22,1.95,0.50,0.50
-0.06,0.00,-0.01,2.15,-0.14,-3.31,2.33,-0.68,1.91,-0.52,-0.06,-0.45,-1.07,1.76,-0.09,-15.50,0.21,1.95,0.50,0.50
-0.04,0.00,0.00,2.17,-0.14,-3.40,2.48,-0.67,2.17,-0.83,-0.10,-0.81,-1.07,2.98,-0.68,-26.00,0.04,1.39,1.00,0.50
-0.02,0.00,0.01,2.24,-0.14,-3.36,2.64,-0.66,2.35,-1.16,-0.01,-1.07,-1.05,3.50,-0.94,-29.54,0.09,1.28,1.00,0.50
0.00,0.00,0.02,2.32,-0.13,-3.38,2.71,-0.68,2.44,-1.21,0.00,-1.08,-1.05,3.50,-0.94,-29.55,0.08,1.33,1.00,0.50
0.00,0.00,0.02,2.37,-0.13,-3.39,2.74,-0.69,2.42,-1.21,0.00,-1.08,-1.04,3.49,-0.94,-29.52,0.09,1.34,1.00,0.50
0.02,0.00,0.02,4.48,-0.23,-6.56,6.00,-1.13,2.42,-1.18,0.00,-1.05,-1.04,3.50,-0.94,-29.50,0.09,1.37,1.00,1.00
0.03,0.01,0.01,4.90,-0.26,-7.09,6.31,-1.45,2.60,-1.18,0.00,-1.04,-1.04,3.50,-0.93,-29.53,0.08,1.39,1.00,1.00
0.03,0.00,0.02,4.65,-0.26,-7.08,6.22,-1.32,2.48,-1.18,0.00,-1.05,-1.03,3.51,-0.93,-29.56,0.08,1.41,1.00,1.00
0.02,0.00,0.01,4.63,-0.27,-7.07,5.96,-1.34,2.33,-1.19,0.00,-1.05,-1.04,3.51,-0.93,-29.56,0.08,1.42,1.00,1.00
0.01,0.00,0.01,4.46,-0.27,-7.05,5.86,-1.32,2.16,-1.19,0.00,-1.05,-1.04,3.52,-0.92,-29.59,0.08,1.42,1.00,1.00
0.00,0.00,0.00,4.47,-0.27,-7.04,5.81,-1.30,2.13,-1.21,0.00,-1.07,-1.05,3.52,-0.92,-29.59,0.09,1.41,1.00,1.00
-0.01,0.00,0.00,4.44,-0.27,-7.04,5.89,-1.31,2.18,-1.21,0.00,-1.08,-1.05,3.53,-0.92,-29.58,0.10,1.40,1.00,1.00
-0.01,0.00,0.00,4.52,-0.27,-7.02,6.02,-1.31,2.26,-1.21,0.00,-1.09,-1.06,3.53,-0.92,-29.59,0.10,1.39,1.00,1.00
-0.01,0.00,0.00,4.58,-0.27,-6.95,6.15,-1.33,2.32,-1.22,0.00,-1.10,-1.07,3.54,-0.92,-29.60,0.11,1.39,1.00,1.00
-0.01,0.00,0.00,4.68,-0.28,-6.94,6.31,-1.35,2.32,-1.22,0.01,-1.11,-1.08,3.54,-0.91,-29.62,0.11,1.40,1.00,1.00
-0.01,0.00,-0.01,4.75,-0.28,-6.93,6.40,-1.39,2.29,-1.23,0.01,-1.11,-1.08,3.54,-0.91,-29.66,0.10,1.42,1.00,1.00
-0.01,0.00,-0.01,4.81,-0.28,-6.92,6.50,-1.41,2.35,-1.24,0.01,-1.11,-1.09,3.54,-0.94,-29.66,0.10,1.42,1.00,1.00
0.00,0.00,0.00,4.89,-0.28,-6.92,6.63,-1.42,2.54,-1.23,0.01,-1.12,-1.09,3.55,-0.94,-29.63,0.12,1.39,1.00,1.00
0.03,0.00,0.01,4.94,-0.28,-6.91,6.70,-1.42,2.65,-1.24,0.01,-1.13,-1.09,3.55,-0.93,-29.66,0.11,1.38,1.00,1.00
0.04,0.00,0.02,4.93,-0.28,-6.90,6.58,-1.42,2.53,-1.26,0.01,-1.15,-1.09,3.55,-0.93,-29.75,0.09,1.40,1.00,1.00
0.03,0.00,0.02,4.90,-0.28,-6.95,6.58,-1.41,2.57,-1.26,0.00,-1.15,-1.09,3.55,-0.93,-29.75,0.10,1.41,1.00,1.00
0.04,0.00,0.03,4.86,-0.28,-6.94,6.53,-1.38,2.62,-1.25,0.00,-1.15,-1.09,3.54,-0.93,-29.77,0.10,1.43,1.00,1.00
0.05,0.00,0.03,4.77,-0.28,-6.93,6.39,-1.36,2.61,-1.23,0.00,-1.13,-1.09,3.54,-0.93,-29.81,0.09,1.47,1.00,1.00
0.05,0.00,0.04,4.67,-0.28,-6.91,6.23,-1.33,2.58,-1.20,0.00,-1.10,-1.09,3.53,-0.92,-29.84,0.09,1.51,1.00,1.00
0.05,0.00,0.04,4.58,-0.27,-6.89,6.06,-1.30,2.52,-1.19,-0.01,-1.08,-1.08,3.51,-0.92,-29.86,0.08,1.51,1.00,1.00
0.06,0.00,0.04,4.50,-0.27,-6.89,5.95,-1.27,2.49,-1.19,-0.01,-1.08,-1.07,3.50,-0.92,-29.84,0.09,1.49,1.00,1.00
0.07,0.00,0.05,4.47,-0.26,-6.95,5.95,-1.24,2.61,-1.19,-0.02,-1.08,-1.07,3.49,-0.92,-29.83,0.11,1.48,1.00,1.00
0.10,0.00,0.06,4.36,-0.25,-6.94,5.75,-1.19,2.69,-1.21,-0.02,-1.09,-1.06,3.48,-0.93,-29.87,0.11,1.48,1.00,1.00
0.12,0.00,0.07,4.12,-0.24,-6.93,5.41,-1.09,2.77,-1.22,-0.02,-1.10,-1.06,3.47,-0.93,-29.90,0.11,1.47,1.00,1.00
0.13,0.00,0.08,3.83,-0.23,-6.92,4.99,-0.99,2.84,-1.21,-0.02,-1.09,-1.06,3.46,-0.93,-29.91,0.12,1.46,1.00,1.00
208.97,5.07,172.61,-5.82,14.77,47.06,1.53,-3.69,16.88,-12.51,-2.38,123.82,51.79,-3.95,37.53,14.84,4.22,6.91,1.00,1.00
17.78,7.23,124.99,34.28,24.43,165.54,1.42,-18.98,71.83,-17.09,-1.83,61.85,-62.70,-6.25,165.11,-20.38,4.40,15.28,1.00,1.00
36.28,4.94,154.79,-199.42,10.82,103.43,188.36,-20.72,160.42,-23.40,-4.06,13.99,2982.13,-4.64,36.60,-97.49,16.34,38.64,1.00,1.00
38.57,4.89,192.50,-81.63,8.05,3.55,138.57,-16.08,-54.51,-22.51,-4.25,104.08,2.61,-3.91,1.80,-40.15,6.32,25.20,1.00,1.00
33.91,-0.08,136.28,3.42,8.24,3.33,11.67,1.89,36.85,-22.47,-2.39,45.66,-3.53,-4.24,2.67,-30.10,2.55,20.77,1.00,1.00
28.07,-3.38,60.48,3.57,8.11,3.44,15.34,0.61,9.03,-19.47,0.77,9.78,-3.45,-4.24,2.61,-30.10,2.74,20.18,1.00,1.00
7.41,-2.05,17.78,3.23,7.34,3.45,11.11,-1.86,-17.31,-4.41,0.46,12.11,-3.50,-3.78,2.82,-30.07,4.27,18.55,1.00,1.00
7.28,-0.69,0.01,3.13,7.52,3.24,11.45,-0.36,-7.57,-2.46,-0.51,0.66,-3.42,-3.87,2.65,-29.71,2.62,20.41,1.00,1.00
6.22,-0.60,0.91,3.14,7.50,3.24,12.12,-0.37,-9.50,-0.51,-0.90,0.41,-3.38,-3.85,2.63,-29.59,2.76,20.03,1.00,1.00
4.39,-0.42,2.94,3.15,7.48,3.24,14.56,-0.72,-16.36,-0.12,-0.87,1.29,-3.40,-3.84,2.61,-29.85,2.85,19.75,1.00,1.00
2.40,-0.02,3.75,3.17,7.49,3.22,15.61,-0.96,-16.27,-0.70,-0.73,1.87,-3.43,-3.86,2.59,-30.11,3.06,19.56,1.00,1.00
3.33,0.41,6.43,35.74,8.53,35.29,-28.11,-0.01,-17.57,-1.60,-0.81,1.64,-3.35,-4.16,53.32,-19.43,-1.70,11.59,1.00,1.00
4.65,-1.17,0.24,11.12,9.87,165.96,-8.88,-3.42,-39.33,-2.13,-0.01,-2.11,-138.95,-4.42,167.79,-4.64,-2.80,-5.85,1.00,1.00
-1.44,-0.28,-0.91,-16.72,10.29,164.64,20.55,-3.14,8.51,0.44,0.34,1.29,15.37,-4.47,167.42,-12.39,-2.38,-5.91,1.00,1.00
1.62,-1.29,-3.46,29.34,10.32,166.76,10.43,-1.36,-4.13,-2.49,0.43,-2.20,-37.41,-4.61,168.21,-10.94,2.13,-8.72,1.00,1.00
1.39,-0.68,-2.14,16.81,9.88,167.08,9.58,-2.61,1.48,0.74,0.01,-0.51,-40.33,-4.48,171.13,-18.50,2.80,-4.23,1.00,1.00
2.05,-0.89,-1.40,-0.92,9.92,166.89,12.69,-1.87,9.13,-2.87,0.26,-1.35,-3.55,-4.60,169.07,-18.27,2.41,-4.53,1.00,1.00
1.57,-0.96,-1.51,2.59,10.00,166.79,12.58,-1.24,4.81,-1.77,0.22,-1.39,-1.48,-4.57,167.40,-16.52,3.02,-5.63,1.00,1.00
0.81,-1.15,-1.88,1.75,9.98,166.70,14.20,-1.03,7.06,-0.53,0.23,-0.94,9.43,-4.55,167.38,-18.16,3.30,-6.38,1.00,1.00
1.35,-1.27,-1.81,2.60,9.88,166.81,9.94,-1.38,6.08,-1.60,0.20,-1.18,-1.44,-4.59,166.16,-17.83,4.84,-6.62,1.00,1.00
0.61,-1.13,-1.82,0.82,9.86,166.76,9.44,-0.97,5.12,-1.56,0.19,-1.27,-2.49,-4.59,167.41,-18.17,3.66,-6.79,1.00,1.00
0.61,-1.18,-2.57,3.45,9.93,166.65,10.42,-0.59,1.31,-1.44,0.25,-1.07,1.34,-4.60,168.77,-18.91,1.57,-7.21,1.00,1.00
1.10,-1.25,-2.23,0.90,9.90,166.66,12.00,-0.71,4.62,-1.14,0.20,-1.26,-0.35,-4.60,167.38,-18.12,3.11,-7.91,1.00,1.00
0.64,-1.17,-2.16,0.47,9.84,166.69,11.81,-0.70,4.50,-1.42,0.20,-1.21,-0.91,-4.60,167.41,-18.01,3.54,-8.02,1.00,1.00
0.79,-1.21,-2.08,0.53,9.82,166.69,10.92,-0.56,4.29,-1.29,0.20,-1.12,-1.13,-4.60,167.42,-17.93,3.66,-8.23,1.00,1.00
2.22,-1.67,-2.39,-0.99,9.95,166.51,9.31,0.37,6.65,-2.57,0.23,-1.88,5.19,-4.65,167.95,-17.48,1.74,-9.31,1.00,1.00
0.81,-1.26,-2.36,0.20,9.90,166.57,12.94,-0.09,3.34,-1.59,0.27,-1.27,0.81,-4.62,166.46,-17.11,2.51,-8.90,1.00,1.00
0.91,-1.29,-2.31,0.49,9.90,166.57,12.81,-0.09,4.23,-1.47,0.28,-1.30,0.23,-4.61,166.71,-17.31,2.02,-8.28,1.00,1.00
2.21,-1.70,-2.35,-2.04,9.95,166.48,10.30,0.38,9.09,-2.82,0.33,-1.91,9.75,-4.65,167.33,-17.28,2.24,-8.78,1.00,1.00
0.85,-1.27,-2.37,-0.01,9.85,166.57,12.95,-0.18,3.81,-1.66,0.27,-1.54,0.16,-4.60,167.35,-17.60,2.08,-7.82,1.00,1.00
1.04,-1.27,-2.27,0.46,9.81,166.61,12.58,-0.39,4.17,-1.32,0.24,-1.46,0.03,-4.58,166.72,-17.81,2.51,-7.35,1.00,1.00
0.88,-1.22,-2.21,0.30,9.77,166.64,12.10,-0.48,4.28,-1.48,0.24,-1.54,-0.06,-4.58,166.73,-17.86,2.86,-7.10,1.00,1.00
0.79,-1.17,-2.14,0.33,9.74,166.66,11.78,-0.55,4.41,-1.42,0.22,-1.56,-0.33,-4.57,166.74,-17.95,3.02,-6.74,1.00,1.00
0.91,-1.19,-2.12,0.39,9.72,166.68,11.42,-0.63,4.49,-1.36,0.21,-1.51,-0.67,-4.56,166.75,-17.95,3.16,-6.71,1.00,1.00
0.80,-1.15,-2.10,0.33,9.71,166.69,11.53,-0.72,4.51,-1.40,0.21,-1.50,-0.69,-4.56,166.49,-17.84,3.31,-6.60,1.00,1.00
0.78,-1.12,-2.04,0.45,9.70,166.70,11.29,-0.85,4.81,-1.33,0.20,-1.48,-0.49,-4.55,166.28,-17.80,3.26,-6.18,1.00,1.00
0.81,-1.12,-2.00,0.60,9.68,166.73,10.98,-0.97,5.17,-1.32,0.20,-1.44,-0.63,-4.55,166.29,-17.68,3.45,-6.06,1.00,1.00
0.74,-1.11,-1.98,0.60,9.66,166.75,10.82,-0.96,5.13,-1.40,0.19,-1.42,-0.93,-4.55,166.50,-17.57,3.55,-6.01,1.00,1.00
0.77,-1.12,-1.98,0.52,9.65,166.76,10.64,-0.94,5.09,-1.41,0.20,-1.42,-0.92,-4.55,166.49,-17.44,3.37,-5.86,1.00,1.00
0.71,-1.10,-1.97,0.60,9.63,166.78,10.93,-1.03,5.40,-1.40,0.20,-1.41,-0.87,-4.54,166.75,-17.31,3.25,-5.59,1.00,1.00
0.72,-1.10,-1.92,0.89,9.62,166.81,10.70,-1.06,5.55,-1.45,0.19,-1.40,-1.03,-4.54,166.74,-17.18,3.31,-5.46,1.00,1.00
0.80,-1.13,-1.91,0.95,9.60,166.83,10.25,-1.07,5.59,-1.48,0.19,-1.38,-1.21,-4.55,166.74,-17.13,3.40,-5.62,1.00,1.00
0.76,-1.13,-1.93,0.88,9.59,166.84,10.37,-1.13,5.74,-1.50,0.19,-1.36,-1.24,-4.55,167.39,-17.17,3.42,-5.77,1.00,1.00
-2.08,-0.93,-2.27,8.57,9.35,166.75,25.58,-0.56,-2.19,-1.39,0.09,-1.38,3.23,-4.61,165.40,-23.94,0.89,-4.91,1.00,1.00
3.18,-1.39,-3.68,2.85,9.60,166.54,12.16,0.40,2.61,-2.12,0.20,-2.66,-4.75,-4.62,167.09,-20.26,1.93,-7.42,1.00,1.00
2.21,-1.73,-3.49,-0.40,9.56,166.52,11.87,0.54,2.39,-2.83,0.25,-2.78,-2.00,-4.68,166.45,-20.18,2.22,-9.92,1.00,1.00
1.52,-1.58,-3.32,-1.53,9.53,166.57,14.73,0.20,2.99,-1.80,0.21,-2.33,1.23,-4.66,166.24,-20.83,3.47,-10.12,1.00,1.00
1.26,-1.51,-3.05,-0.90,9.50,166.66,14.28,-0.11,3.26,-1.61,0.17,-2.16,0.60,-4.65,165.89,-21.01,4.11,-9.51,1.00,1.00
1.36,-1.57,-2.96,-1.08,9.49,166.68,12.59,-0.15,3.17,-1.65,0.18,-2.09,-1.51,-4.65,165.74,-20.89,3.85,-9.62,1.00,1.00
1.28,-1.59,-3.01,-1.69,9.49,166.68,12.21,-0.15,3.08,-1.59,0.19,-1.96,-1.72,-4.66,165.90,-20.83,3.60,-10.16,1.00,1.00
1.14,-1.56,-3.08,-2.05,9.49,166.68,12.79,-0.23,3.22,-1.50,0.19,-1.85,-1.92,-4.66,166.28,-20.65,3.36,-10.50,1.00,1.00
1.04,-1.52,-3.09,-1.89,9.48,166.69,13.39,-0.32,3.39,-1.57,0.19,-1.86,-2.10,-4.65,166.54,-20.42,3.18,-10.42,1.00,1.00
1.16,-1.54,-3.08,-1.55,9.48,166.70,13.42,-0.39,3.54,-1.69,0.20,-1.90,-2.42,-4.65,167.17,-20.22,2.91,-10.21,1.00,1.00
1.26,-1.56,-3.07,-1.25,9.49,166.70,13.30,-0.35,3.40,-1.85,0.21,-1.96,-2.49,-4.65,167.16,-19.91,2.73,-10.16,1.00,1.00
1.30,-1.57,-3.04,-1.08,9.50,166.69,13.17,-0.24,3.31,-1.96,0.22,-2.00,-2.21,-4.65,167.15,-19.67,2.48,-10.12,1.00,1.00
1.33,-1.59,-3.03,-1.11,9.50,166.68,13.00,-0.13,3.22,-2.01,0.23,-2.00,-2.42,-4.65,167.14,-19.44,2.20,-10.19,1.00,1.00
1.33,-1.60,-3.03,-1.18,9.50,166.67,13.03,-0.05,3.14,-2.05,0.24,-1.99,-2.75,-4.65,167.13,-19.21,1.96,-10.35,1.00,1.00
1.35,-1.60,-3.06,-1.21,9.49,166.66,13.15,0.01,3.17,-2.06,0.24,-1.94,-2.97,-4.65,167.13,-18.99,1.76,-10.51,1.00,1.00
1.35,-1.61,-3.10,-1.35,9.47,166.67,13.11,0.00,3.15,-1.94,0.24,-1.81,-1.76,-4.66,167.16,-18.88,2.30,-10.87,1.00,1.00
1.21,-1.59,-3.06,-1.59,9.45,166.69,13.19,-0.02,3.33,-1.80,0.24,-1.75,-1.20,-4.65,167.17,-18.96,2.38,-10.76,1.00,1.00
1.13,-1.58,-3.03,-1.58,9.43,166.71,12.94,-0.04,3.32,-1.74,0.23,-1.72,-1.09,-4.65,167.17,-18.99,2.41,-10.59,1.00,1.00
1.11,-1.58,-2.99,-1.49,9.42,166.73,12.74,-0.03,3.24,-1.78,0.24,-1.74,-1.15,-4.65,167.17,-18.87,2.47,-10.55,1.00,1.00
1.06,-1.57,-2.96,-1.38,9.42,166.74,12.73,0.01,3.17,-1.80,0.24,-1.76,-1.03,-4.65,167.17,-18.77,2.49,-10.50,1.00,1.00
1.01,-1.56,-2.93,-1.31,9.42,166.74,12.65,0.03,3.11,-1.82,0.24,-1.79,-0.94,-4.64,167.17,-18.72,2.42,-10.42,1.00,1.00
0.97,-1.55,-2.91,-1.40,9.41,166.74,12.52,0.06,3.15,-1.78,0.24,-1.77,-0.50,-4.64,167.17,-18.74,2.53,-10.49,1.00,1.00
0.88,-1.53,-2.92,-1.63,9.38,166.75,12.58,0.03,3.19,-1.70,0.23,-1.72,-0.74,-4.64,167.16,-18.82,2.61,-10.59,1.00,1.00
0.89,-1.52,-2.94,-1.65,9.36,166.75,12.70,0.01,3.10,-1.67,0.22,-1.67,-1.24,-4.64,167.15,-18.81,2.57,-10.66,1.00,1.00
0.98,-1.53,-2.97,-1.57,9.34,166.74,12.88,0.02,3.02,-1.77,0.22,-1.66,-2.01,-4.64,167.79,-18.58,2.21,-10.68,1.00,1.00
1.13,-1.56,-2.99,-1.33,9.34,166.72,13.03,0.13,2.67,-1.90,0.23,-1.61,-1.94,-4.64,167.80,-18.13,2.16,-10.90,1.00,1.00
1.24,-1.58,-2.99,-1.21,9.36,166.69,13.02,0.28,2.31,-1.99,0.24,-1.55,-1.66,-4.63,167.16,-17.67,2.02,-11.11,1.00,1.00
1.24,-1.58,-2.98,-1.34,9.37,166.65,13.04,0.43,2.08,-2.01,0.26,-1.46,-1.14,-4.63,167.17,-17.28,1.92,-11.30,1.00,1.00
1.15,-1.55,-2.95,-1.58,9.38,166.63,12.94,0.52,1.96,-1.93,0.26,-1.34,-0.56,-4.62,167.19,-17.09,1.96,-11.50,1.00,1.00
1.00,-1.52,-2.94,-1.93,9.39,166.61,12.82,0.55,1.88,-1.82,0.25,-1.24,-0.20,-4.62,167.22,-17.02,2.19,-11.72,1.00,1.00
0.84,-1.47,-2.92,-2.24,9.40,166.60,12.81,0.50,1.91,-1.70,0.25,-1.17,0.13,-4.61,167.25,-17.03,2.40,-11.79,1.00,1.00
0.72,-1.44,-2.90,-2.38,9.42,166.60,12.71,0.41,2.00,-1.65,0.25,-1.15,0.26,-4.61,167.26,-17.03,2.57,-11.75,1.00,1.00
0.64,-1.41,-2.88,-2.51,9.43,166.60,12.68,0.30,2.23,-1.65,0.25,-1.18,0.22,-4.60,167.27,-17.02,2.57,-11.61,1.00,1.00
0.56,-1.38,-2.85,-2.48,9.44,166.61,12.61,0.24,2.35,-1.63,0.25,-1.18,0.64,-4.60,167.29,-17.03,2.67,-11.45,1.00,1.00
0.48,-1.36,-2.80,-2.43,9.45,166.62,12.48,0.23,2.41,-1.63,0.25,-1.23,0.40,-4.60,167.29,-17.02,2.63,-11.20,1.00,1.00
0.44,-1.36,-2.75,-2.32,9.46,166.62,12.28,0.26,2.43,-1.66,0.26,-1.29,0.20,-4.59,167.29,-16.96,2.47,-10.95,1.00,1.00
0.43,-1.36,-2.70,-2.21,9.47,166.61,12.06,0.33,2.39,-1.70,0.26,-1.34,-0.03,-4.59,167.28,-16.86,2.28,-10.77,1.00,1.00
0.42,-1.36,-2.66,-2.16,9.49,166.60,11.89,0.41,2.27,-1.69,0.27,-1.35,0.13,-4.59,167.28,-16.78,2.17,-10.67,1.00,1.00
0.37,-1.35,-2.62,-2.15,9.51,166.59,11.73,0.49,2.22,-1.62,0.27,-1.34,0.43,-4.59,167.28,-16.75,2.09,-10.55,1.00,1.00
0.30,-1.34,-2.58,-2.24,9.51,166.58,11.54,0.53,2.19,-1.52,0.27,-1.32,0.64,-4.58,167.29,-16.80,2.06,-10.49,1.00,1.00
0.23,-1.32,-2.55,-2.35,9.51,166.58,11.34,0.53,2.19,-1.41,0.27,-1.28,0.79,-4.58,167.29,-16.86,2.11,-10.50,1.00,1.00
0.17,-1.30,-2.54,-2.48,9.52,166.58,11.22,0.50,2.22,-1.32,0.26,-1.23,1.02,-4.58,167.30,-16.86,2.18,-10.55,1.00,1.00
0.11,-1.28,-2.53,-2.61,9.52,166.59,11.05,0.44,2.30,-1.22,0.26,-1.16,1.22,-4.57,167.31,-16.90,2.24,-10.62,1.00,1.00
0.05,-1.27,-2.53,-2.74,9.51,166.60,10.94,0.37,2.31,-1.19,0.26,-1.11,1.24,-4.57,167.32,-16.83,2.32,-10.78,1.00,1.00
0.02,-1.26,-2.54,-2.85,9.51,166.60,10.93,0.32,2.36,-1.15,0.26,-1.04,1.28,-4.57,166.68,-16.72,2.34,-10.93,1.00,1.00
-0.01,-1.25,-2.54,-2.89,9.52,166.60,10.95,0.29,2.33,-1.12,0.25,-0.99,1.29,-4.57,167.33,-16.55,2.30,-11.05,1.00,1.00
-0.02,-1.25,-2.55,-2.95,9.53,166.59,10.94,0.28,2.27,-1.11,0.26,-0.97,1.30,-4.57,167.33,-16.38,2.09,-11.09,1.00,1.00
-0.03,-1.24,-2.56,-2.99,9.55,166.58,11.11,0.25,2.40,-1.14,0.26,-0.96,1.00,-4.57,167.33,-16.13,1.77,-11.04,1.00,1.00
0.03,-1.25,-2.55,-2.80,9.56,166.57,11.25,0.25,2.43,-1.22,0.27,-0.95,0.92,-4.56,167.32,-15.84,1.51,-11.01,1.00,1.00
0.12,-1.27,-2.55,-2.54,9.58,166.56,11.34,0.32,2.37,-1.33,0.28,-0.94,0.70,-4.56,167.32,-15.50,1.30,-11.05,1.00,1.00
0.24,-1.30,-2.54,-2.35,9.61,166.54,11.24,0.42,2.13,-1.45,0.30,-0.94,0.76,-4.56,167.32,-15.18,1.04,-11.08,1.00,1.00
0.24,-1.30,-2.52,-2.36,9.63,166.52,11.29,0.48,2.31,-1.38,0.30,-0.99,1.32,-4.56,167.32,-15.08,1.01,-11.07,1.00,1.00
0.09,-1.25,-2.47,-2.53,9.62,166.54,11.42,0.40,2.87,-1.08,0.27,-1.05,2.17,-4.55,167.34,-15.44,1.61,-10.95,1.00,1.00
-0.10,-1.19,-2.40,-2.59,9.57,166.59,11.18,0.21,3.21,-0.60,0.21,-1.01,2.28,-4.53,167.36,-16.25,2.38,-10.54,1.00,1.00
-0.02,-1.22,-2.37,-2.26,9.58,166.59,10.34,0.24,2.44,-0.80,0.22,-1.00,0.92,-4.53,167.37,-16.25,2.27,-10.35,1.00,1.00
0.21,-1.28,-2.45,-2.24,9.63,166.55,10.59,0.33,2.22,-1.18,0.28,-0.97,0.91,-4.53,167.36,-15.60,1.42,-10.26,1.00,1.00
0.28,-1.27,-2.51,-2.18,9.67,166.54,11.65,0.19,2.86,-1.01,0.27,-1.05,2.16,-4.52,167.36,-15.33,1.27,-9.95,1.00,1.00
0.07,-1.18,-2.43,-2.06,9.64,166.59,12.06,-0.11,3.94,-0.52,0.21,-1.14,3.28,-4.50,166.72,-16.02,2.10,-9.29,1.00,1.00
0.06,-1.17,-2.32,-1.63,9.60,166.64,10.81,-0.28,3.74,-0.56,0.18,-1.13,1.51,-4.50,166.73,-16.60,2.61,-8.99,1.00,1.00
0.34,-1.27,-2.37,-1.63,9.63,166.63,10.02,-0.18,3.28,-1.17,0.25,-1.07,0.51,-4.51,167.39,-16.19,2.36,-9.50,1.00,1.00
0.42,-1.28,-2.48,-1.62,9.66,166.62,11.06,-0.26,3.57,-1.33,0.27,-1.04,1.22,-4.52,167.39,-15.78,2.08,-9.80,1.00,1.00
0.51,-1.29,-2.48,-1.08,9.68,166.64,11.60,-0.35,3.85,-1.17,0.25,-1.07,1.62,-4.51,167.39,-15.70,2.18,-9.77,1.00,1.00
0.61,-1.34,-2.45,-0.88,9.69,166.65,10.92,-0.31,3.63,-1.27,0.26,-1.04,1.29,-4.52,167.40,-15.71,2.34,-10.04,1.00,1.00
0.61,-1.37,-2.47,-1.28,9.72,166.64,10.54,-0.23,3.56,-1.22,0.27,-1.03,1.45,-4.53,167.41,-15.84,2.36,-10.54,1.00,1.00
0.44,-1.33,-2.51,-1.67,9.72,166.65,11.04,-0.35,3.87,-0.87,0.24,-1.01,2.03,-4.53,167.41,-16.27,2.56,-10.86,1.00,1.00
0.35,-1.31,-2.51,-1.50,9.72,166.66,11.22,-0.46,3.81,-0.79,0.22,-1.01,1.61,-4.53,167.41,-16.49,2.65,-10.89,1.00,1.00
0.50,-1.36,-2.53,-1.25,9.75,166.65,10.94,-0.38,3.49,-1.08,0.26,-1.00,1.05,-4.54,167.40,-16.22,2.32,-11.04,1.00,1.00
0.59,-1.40,-2.57,-1.36,9.79,166.63,11.10,-0.28,3.43,-1.22,0.28,-1.00,1.37,-4.55,167.39,-15.99,1.95,-11.24,1.00,1.00
0.50,-1.37,-2.60,-1.52,9.79,166.62,11.69,-0.32,3.72,-1.08,0.27,-1.07,2.07,-4.55,167.37,-16.16,1.94,-11.15,1.00,1.00
0.38,-1.33,-2.58,-1.57,9.77,166.64,11.89,-0.40,3.94,-0.90,0.25,-1.11,2.19,-4.55,167.36,-16.60,2.16,-10.80,1.00,1.00
0.42,-1.34,-2.55,-1.45,9.75,166.64,11.50,-0.35,3.61,-0.98,0.25,-1.13,1.62,-4.56,167.35,-16.74,2.20,-10.63,1.00,1.00
0.51,-1.37,-2.58,-1.48,9.75,166.62,11.48,-0.24,3.46,-1.17,0.27,-1.17,1.29,-4.56,167.33,-16.64,1.87,-10.54,1.00,1.00
0.56,-1.37,-2.61,-1.46,9.74,166.61,11.99,-0.21,3.57,-1.26,0.28,-1.20,1.65,-4.56,167.31,-16.53,1.77,-10.41,1.00,1.00
0.59,-1.36,-2.61,-1.28,9.71,166.62,12.33,-0.22,3.62,-1.17,0.26,-1.23,1.68,-4.55,167.30,-16.64,1.92,-10.15,1.00,1.00
0.72,-1.38,-2.59,-1.03,9.70,166.61,12.08,-0.16,3.36,-1.33,0.27,-1.25,1.27,-4.56,167.30,-16.56,1.90,-9.96,1.00,1.00
0.83,-1.40,-2.60,-1.01,9.70,166.59,12.08,-0.09,3.29,-1.39,0.28,-1.29,1.46,-4.56,167.29,-16.45,1.76,-9.87,1.00,1.00
0.87,-1.39,-2.61,-1.02,9.68,166.59,12.35,-0.11,3.46,-1.34,0.27,-1.29,1.49,-4.55,167.29,-16.54,1.83,-9.78,1.00,1.00
0.91,-1.39,-2.63,-0.92,9.67,166.59,12.48,-0.14,3.36,-1.40,0.27,-1.31,1.43,-4.55,167.30,-16.53,2.02,-9.72,1.00,1.00
0.99,-1.39,-2.63,-0.79,9.66,166.59,12.59,-0.15,3.32,-1.40,0.27,-1.32,1.32,-4.54,167.30,-16.51,2.05,-9.56,1.00,1.00
1.07,-1.40,-2.62,-0.68,9.67,166.58,12.44,-0.13,3.14,-1.43,0.27,-1.32,1.41,-4.55,167.31,-16.43,2.15,-9.52,1.00,1.00
1.03,-1.39,-2.60,-0.78,9.67,166.56,12.38,-0.07,3.04,-1.39,0.27,-1.31,1.74,-4.54,167.31,-16.42,2.18,-9.48,1.00,1.00
0.94,-1.37,-2.58,-0.98,9.66,166.55,12.25,-0.03,2.94,-1.30,0.27,-1.28,1.82,-4.54,167.32,-16.53,2.26,-9.46,1.00,1.00
0.84,-1.34,-2.58,-1.20,9.65,166.55,12.14,0.01,2.79,-1.27,0.26,-1.26,1.84,-4.55,167.32,-16.60,2.28,-9.50,1.00,1.00
0.79,-1.33,-2.59,-1.33,9.63,166.54,12.22,0.06,2.71,-1.28,0.27,-1.25,1.78,-4.55,167.32,-16.53,2.28,-9.61,1.00,1.00
0.77,-1.33,-2.61,-1.46,9.61,166.54,12.29,0.08,2.67,-1.29,0.26,-1.21,1.75,-4.55,167.32,-16.47,2.28,-9.76,1.00,1.00
0.72,-1.32,-2.61,-1.54,9.59,166.54,12.38,0.16,2.41,-1.28,0.27,-1.16,1.76,-4.55,167.33,-16.27,2.33,-9.95,1.00,1.00
0.69,-1.32,-2.58,-1.57,9.60,166.53,12.11,0.27,2.25,-1.19,0.27,-1.13,1.91,-4.55,166.69,-16.13,2.26,-10.08,1.00,1.00
0.55,-1.29,-2.56,-1.89,9.60,166.52,11.82,0.28,2.22,-1.03,0.26,-1.12,2.30,-4.54,166.42,-16.15,2.01,-9.94,1.00,1.00
0.39,-1.25,-2.53,-1.95,9.60,166.53,11.92,0.18,2.56,-0.95,0.26,-1.18,1.91,-4.53,167.33,-16.15,1.64,-9.50,1.00,1.00
0.48,-1.28,-2.52,-1.74,9.61,166.53,11.65,0.22,2.32,-1.26,0.29,-1.16,1.48,-4.53,167.33,-15.72,1.34,-9.29,1.00,1.00
0.51,-1.28,-2.55,-1.88,9.62,166.50,12.05,0.26,2.39,-1.40,0.31,-1.21,1.76,-4.53,167.32,-15.38,0.99,-9.07,1.00,1.00
0.44,-1.23,-2.51,-1.85,9.61,166.51,12.53,0.19,3.00,-1.16,0.29,-1.31,2.75,-4.52,167.32,-15.54,1.27,-8.65,1.00,1.00
0.29,-1.16,-2.42,-1.84,9.55,166.55,12.29,-0.01,3.45,-0.82,0.24,-1.36,2.78,-4.50,166.67,-16.26,1.74,-8.03,1.00,1.00
0.34,-1.17,-2.38,-1.70,9.51,166.58,11.45,-0.04,3.13,-1.07,0.26,-1.34,1.79,-4.50,166.69,-16.33,1.99,-7.93,1.00,1.00
0.47,-1.20,-2.40,-1.76,9.50,166.57,11.39,-0.01,2.97,-1.23,0.27,-1.31,1.80,-4.51,166.70,-16.10,2.04,-8.10,1.00,1.00
0.48,-1.17,-2.41,-1.69,9.50,166.58,11.97,-0.16,3.27,-1.06,0.25,-1.30,2.27,-4.49,166.70,-16.15,2.08,-7.87,1.00,1.00
0.52,-1.15,-2.38,-1.38,9.50,166.60,11.75,-0.32,3.38,-1.07,0.25,-1.30,1.74,-4.49,166.42,-16.12,1.94,-7.40,1.00,1.00
0.64,-1.18,-2.36,-1.16,9.50,166.61,11.32,-0.37,3.53,-1.26,0.26,-1.28,1.56,-4.49,166.42,-15.84,1.88,-7.33,1.00,1.00
0.69,-1.21,-2.38,-1.20,9.49,166.62,11.36,-0.38,3.77,-1.25,0.26,-1.27,1.62,-4.49,166.70,-15.78,2.09,-7.45,1.00,1.00
0.62,-1.19,-2.40,-1.32,9.46,166.64,11.49,-0.43,3.78,-1.21,0.25,-1.25,1.66,-4.49,166.69,-15.87,2.08,-7.27,1.00,1.00
0.62,-1.18,-2.39,-1.11,9.45,166.67,11.66,-0.51,3.97,-1.26,0.25,-1.26,1.47,-4.49,166.67,-15.78,1.90,-6.93,1.00,1.00
0.77,-1.22,-2.38,-0.75,9.45,166.68,11.43,-0.52,4.03,-1.39,0.26,-1.26,1.28,-4.50,167.32,-15.58,1.90,-6.90,1.00,1.00
0.81,-1.25,-2.38,-0.75,9.44,166.70,11.24,-0.52,4.15,-1.45,0.26,-1.27,1.33,-4.50,167.32,-15.55,2.07,-7.10,1.00,1.00
0.76,-1.24,-2.39,-0.77,9.42,166.72,11.39,-0.61,4.43,-1.39,0.25,-1.27,1.32,-4.50,167.32,-15.77,2.32,-7.20,1.00,1.00
0.81,-1.25,-2.41,-0.65,9.41,166.75,11.32,-0.67,4.45,-1.39,0.24,-1.25,1.03,-4.51,167.32,-15.90,2.58,-7.38,1.00,1.00
0.87,-1.29,-2.43,-0.64,9.41,166.76,11.06,-0.63,4.20,-1.40,0.24,-1.21,1.15,-4.52,166.68,-15.90,2.79,-7.83,1.00,1.00
0.82,-1.30,-2.45,-0.84,9.42,166.76,11.01,-0.63,4.14,-1.31,0.24,-1.14,1.36,-4.53,166.68,-16.03,2.82,-8.24,1.00,1.00
0.75,-1.30,-2.48,-1.02,9.42,166.77,10.96,-0.63,4.07,-1.23,0.23,-1.09,1.27,-4.53,166.68,-16.08,2.78,-8.61,1.00,1.00
0.71,-1.31,-2.50,-1.10,9.44,166.76,10.98,-0.59,3.89,-1.21,0.24,-1.05,1.35,-4.54,166.68,-15.96,2.64,-8.96,1.00,1.00
0.65,-1.31,-2.50,-1.14,9.47,166.75,11.07,-0.51,3.85,-1.14,0.24,-1.05,1.71,-4.55,166.68,-15.87,2.58,-9.21,1.00,1.00
0.51,-1.29,-2.47,-1.33,9.47,166.75,10.99,-0.49,3.90,-0.99,0.23,-1.06,2.04,-4.55,166.41,-16.08,2.69,-9.35,1.00,1.00
0.37,-1.26,-2.46,-1.51,9.47,166.76,10.92,-0.52,3.96,-0.95,0.22,-1.08,2.00,-4.55,166.67,-16.37,2.69,-9.35,1.00,1.00
0.36,-1.26,-2.48,-1.51,9.48,166.76,11.01,-0.57,4.10,-1.07,0.23,-1.10,1.36,-4.56,167.31,-16.44,2.61,-9.34,1.00,1.00
0.47,-1.29,-2.51,-1.35,9.48,166.76,11.20,-0.60,4.15,-1.28,0.25,-1.13,0.82,-4.57,167.30,-16.34,2.42,-9.34,1.00,1.00
0.60,-1.32,-2.54,-1.13,9.49,166.76,11.36,-0.56,4.10,-1.40,0.26,-1.17,0.87,-4.57,167.28,-16.21,2.27,-9.38,1.00,1.00
0.70,-1.35,-2.55,-0.98,9.50,166.75,11.39,-0.50,3.97,-1.45,0.27,-1.19,0.92,-4.57,167.27,-16.15,2.12,-9.45,1.00,1.00
0.77,-1.38,-2.57,-0.96,9.50,166.74,11.38,-0.40,3.86,-1.51,0.27,-1.21,0.70,-4.58,167.26,-16.10,1.95,-9.62,1.00,1.00
0.84,-1.40,-2.60,-0.95,9.50,166.73,11.54,-0.31,3.74,-1.57,0.28,-1.21,0.51,-4.58,167.91,-15.99,1.79,-9.83,1.00,1.00
0.94,-1.43,-2.65,-0.84,9.50,166.72,11.82,-0.24,3.61,-1.65,0.29,-1.21,0.44,-4.58,167.90,-15.80,1.62,-10.03,1.00,1.00
0.98,-1.45,-2.69,-0.92,9.49,166.73,12.06,-0.25,3.85,-1.54,0.29,-1.14,1.45,-4.59,167.27,-15.83,2.06,-10.27,1.00,1.00
0.80,-1.39,-2.66,-1.01,9.46,166.76,12.32,-0.38,4.16,-1.16,0.25,-1.15,1.63,-4.58,167.26,-16.39,2.26,-9.82,1.00,1.00
0.81,-1.41,-2.61,-0.73,9.45,166.78,11.71,-0.34,3.82,-1.31,0.26,-1.17,0.91,-4.58,167.26,-16.41,2.26,-9.59,1.00,1.00
0.89,-1.44,-2.59,-0.65,9.47,166.77,11.40,-0.20,3.59,-1.52,0.28,-1.26,1.00,-4.59,167.25,-16.10,2.04,-9.64,1.00,1.00
0.85,-1.44,-2.59,-0.64,9.47,166.77,11.71,-0.16,3.68,-1.48,0.28,-1.29,1.53,-4.59,167.25,-16.10,2.04,-9.63,1.00,1.00
0.73,-1.41,-2.57,-0.67,9.46,166.78,11.77,-0.19,3.75,-1.39,0.27,-1.29,1.59,-4.58,167.24,-16.36,2.07,-9.45,1.00,1.00
0.72,-1.41,-2.56,-0.73,9.45,166.78,11.48,-0.17,3.72,-1.37,0.27,-1.30,1.66,-4.59,167.23,-16.52,2.19,-9.50,1.00,1.00
0.71,-1.41,-2.59,-0.96,9.42,166.79,11.58,-0.23,3.82,-1.26,0.25,-1.26,1.56,-4.58,167.23,-16.76,2.29,-9.60,1.00,1.00
0.76,-1.41,-2.63,-0.92,9.40,166.80,11.85,-0.28,3.76,-1.28,0.25,-1.24,1.15,-4.58,167.22,-16.77,2.34,-9.70,1.00,1.00
0.93,-1.44,-2.68,-0.66,9.39,166.78,12.09,-0.25,3.55,-1.48,0.26,-1.27,0.64,-4.59,167.85,-16.49,2.02,-9.74,1.00,1.00
1.15,-1.48,-2.71,-0.38,9.40,166.76,12.33,-0.12,3.19,-1.70,0.27,-1.24,0.64,-4.59,167.85,-15.98,1.82,-9.98,1.00,1.00
1.27,-1.50,-2.76,-0.28,9.42,166.72,12.51,0.03,2.82,-1.79,0.28,-1.18,0.71,-4.59,167.85,-15.60,1.53,-10.16,1.00,1.00
1.31,-1.51,-2.76,-0.42,9.45,166.67,12.54,0.18,2.56,-1.79,0.30,-1.12,0.93,-4.58,167.86,-15.33,1.33,-10.35,1.00,1.00
1.24,-1.50,-2.74,-0.68,9.45,166.65,12.54,0.28,2.54,-1.66,0.29,-1.09,1.43,-4.58,167.22,-15.31,1.44,-10.55,1.00,1.00
1.04,-1.45,-2.71,-1.10,9.44,166.65,12.52,0.25,2.72,-1.37,0.26,-1.07,1.90,-4.57,167.25,-15.61,1.97,-10.66,1.00,1.00
0.82,-1.38,-2.66,-1.24,9.43,166.66,12.39,0.16,2.64,-1.16,0.23,-1.03,1.62,-4.57,167.27,-15.94,2.40,-10.55,1.00,1.00
0.84,-1.39,-2.65,-1.09,9.47,166.64,11.94,0.20,2.09,-1.40,0.25,-0.98,0.93,-4.57,167.28,-15.69,2.10,-10.54,1.00,1.00
0.96,-1.43,-2.69,-1.16,9.54,166.59,11.96,0.29,1.91,-1.65,0.30,-0.98,0.88,-4.57,167.26,-15.18,1.21,-10.57,1.00,1.00
0.91,-1.42,-2.72,-1.34,9.57,166.56,12.49,0.29,2.41,-1.57,0.31,-1.08,1.91,-4.57,167.26,-14.98,1.09,-10.56,1.00,1.00
0.60,-1.33,-2.64,-1.68,9.54,166.60,12.76,0.12,3.38,-1.12,0.26,-1.19,2.93,-4.56,167.28,-15.63,1.89,-10.19,1.00,1.00
0.28,-1.23,-2.51,-1.66,9.48,166.66,12.14,-0.10,3.42,-0.83,0.21,-1.17,1.93,-4.55,167.29,-16.50,2.46,-9.58,1.00,1.00
0.48,-1.31,-2.47,-1.29,9.50,166.65,11.06,0.13,2.59,-1.48,0.27,-1.15,0.73,-4.56,167.30,-15.98,2.18,-9.71,1.00,1.00
0.65,-1.36,-2.50,-1.15,9.56,166.60,11.34,0.34,2.17,-1.68,0.31,-1.19,1.11,-4.56,167.29,-15.30,1.44,-9.82,1.00,1.00
0.67,-1.36,-2.50,-1.00,9.60,166.57,11.82,0.43,2.39,-1.57,0.32,-1.22,2.04,-4.56,167.28,-15.03,1.13,-9.69,1.00,1.00
0.47,-1.31,-2.43,-1.33,9.58,166.58,11.82,0.37,3.09,-1.14,0.28,-1.31,3.07,-4.54,167.28,-15.50,1.59,-9.43,1.00,1.00
0.22,-1.22,-2.35,-1.57,9.52,166.63,11.38,0.12,3.41,-0.57,0.20,-1.26,2.67,-4.53,167.29,-16.49,2.23,-9.05,1.00,1.00
0.35,-1.27,-2.34,-1.30,9.52,166.64,10.44,0.18,2.53,-0.98,0.24,-1.18,1.35,-4.54,167.31,-16.15,2.25,-9.36,1.00,1.00
0.50,-1.31,-2.41,-1.43,9.56,166.60,10.59,0.27,2.29,-1.16,0.27,-1.12,1.86,-4.54,167.31,-15.57,1.73,-9.76,1.00,1.00
0.43,-1.28,-2.45,-1.55,9.58,166.60,11.38,0.15,2.80,-0.88,0.25,-1.12,2.68,-4.54,167.30,-15.50,1.53,-9.72,1.00,1.00
0.30,-1.24,-2.42,-1.53,9.56,166.62,11.35,0.03,3.03,-0.67,0.22,-1.11,2.64,-4.53,167.30,-15.66,1.70,-9.58,1.00,1.00
0.33,-1.26,-2.40,-1.57,9.56,166.62,10.65,0.07,2.70,-0.82,0.23,-1.05,1.98,-4.54,167.31,-15.54,1.70,-9.81,1.00,1.00
0.38,-1.29,-2.45,-1.88,9.59,166.59,10.64,0.14,2.37,-0.94,0.26,-0.99,1.84,-4.54,167.31,-15.24,1.36,-10.16,1.00,1.00
0.27,-1.25,-2.49,-1.97,9.61,166.58,11.42,0.08,2.69,-0.87,0.26,-1.02,2.27,-4.54,167.29,-15.08,0.97,-9.99,1.00,1.00
0.28,-1.23,-2.45,-1.66,9.62,166.58,11.51,0.06,2.89,-0.86,0.25,-1.04,2.17,-4.53,167.29,-14.97,0.88,-9.77,1.00,1.00
0.35,-1.26,-2.41,-1.48,9.63,166.57,11.11,0.17,2.64,-1.09,0.27,-1.04,1.65,-4.54,167.29,-14.73,0.79,-9.87,1.00,1.00
