296,29.50
mixamorig:RightHand\JointController\antTorqueX,mixamorig:RightHand\JointController\antTorqueY,mixamorig:RightHand\JointController\antTorqueZ,mixamorig:RightForeArm\JointController\antTorqueX,mixamorig:RightForeArm\JointController\antTorqueY,mixamorig:RightForeArm\JointController\antTorqueZ,mixamorig:RightArm\JointController\antTorqueX,mixamorig:RightArm\JointController\antTorqueY,mixamorig:RightArm\JointController\antTorqueZ,mixamorig:LeftHand\JointController\antTorqueX,mixamorig:LeftHand\JointController\antTorqueY,mixamorig:LeftHand\JointController\antTorqueZ,mixamorig:LeftForeArm\JointController\antTorqueX,mixamorig:LeftForeArm\JointController\antTorqueY,mixamorig:LeftForeArm\JointController\antTorqueZ,mixamorig:LeftArm\JointController\antTorqueX,mixamorig:LeftArm\JointController\antTorqueY,mixamorig:LeftArm\JointController\antTorqueZ,ybot_rig_arms_v6_split_ragdoll - v4\AntagonisticGains\stiffnessMultiplierLeft,ybot_rig_arms_v6_split_ragdoll - v4\AntagonisticGains\stiffnessMultiplierRight
0.00,0.00,0.59,0.00,0.00,5.60,0.00,0.00,20.51,0.00,0.00,0.59,-2.65,0.00,5.60,0.00,0.00,20.51,0.50,0.50
4.96,-1.34,-9.24,-24.89,-0.04,-6.03,-5.59,-26.43,10.35,-9.20,0.92,-8.52,686.21,1.47,0.67,-44.42,14.98,-21.94,0.50,0.50
0.75,0.22,-2.86,1.30,-0.05,-2.67,-2.32,-2.73,-10.56,-2.08,0.72,-6.60,-0.32,1.54,1.00,-25.06,0.70,2.32,0.50,0.50
0.05,0.02,-0.99,1.54,-0.09,-3.06,0.68,-0.03,-6.88,-1.22,-0.12,-2.64,-0.75,1.59,0.53,-18.02,-0.12,1.36,0.50,0.50
0.08,0.00,-0.45,1.18,-0.09,-3.23,0.66,0.11,-1.97,-0.40,0.00,-1.18,-1.01,1.68,0.16,-15.80,0.30,1.43,0.50,0.50
0.13,0.00,-0.21,0.78,-0.09,-3.31,0.27,0.02,0.64,-0.13,0.01,-0.62,-1.10,1.72,-0.04,-15.41,0.30,1.66,0.50,0.50
0.03,0.01,-0.09,0.92,-0.10,-3.36,-0.25,-0.34,1.30,-0.32,-0.06,-0.49,-1.07,1.72,-0.11,-15.42,0.24,1.81,0.50,0.50
-0.02,0.00,-0.04,0.72,-0.09,-3.38,0.01,-0.26,1.45,-0.50,-0.07,-0.49,-1.04,1.71,-0.13,-15.49,0.19,1.85,0.50,0.50
-0.03,0.00,-0.03,0.76,-0.10,-3.39,0.14,-0.25,1.59,-0.56,-0.08,-0.50,-1.03,1.71,-0.14,-15.48,0.20,1.84,0.50,0.50
-0.03,0.00,-0.02,0.86,-0.10,-3.25,0.21,-0.28,1.57,-0.58,-0.08,-0.51,-1.02,1.71,-0.14,-15.47,0.20,1.82,0.50,0.50
-0.03,0.00,-0.02,0.78,-0.10,-3.41,0.40,-0.26,1.49,-0.58,-0.08,-0.51,-1.03,1.72,-0.14,-15.45,0.21,1.82,0.50,0.50
-0.05,0.00,-0.02,0.93,-0.10,-3.42,0.49,-0.41,1.44,-0.57,-0.07,-0.50,-1.03,1.73,-0.13,-15.41,0.22,1.82,0.50,0.50
-0.08,0.00,-0.03,1.18,-0.11,-3.43,0.74,-0.47,1.23,-0.56,-0.06,-0.47,-1.04,1.74,-0.13,-15.42,0.21,1.85,0.50,0.50
-0.12,0.00,-0.04,1.45,-0.12,-3.44,1.06,-0.62,1.02,-0.56,-0.06,-0.46,-1.05,1.75,-0.12,-15.42,0.22,1.88,0.50,0.50
-0.10,0.00,-0.04,1.68,-0.13,-3.31,1.45,-0.59,1.30,-0.56,-0.06,-0.45,-1.06,1.75,-0.11,-15.42,0.22,1.91,0.50,0.50
-0.09,0.00,-0.03,1.76,-0.13,-3.48,1.82,-0.59,1.50,-0.54,-0.06,-0.45,-1.06,1.76,-0.11,-15.44,0.23,1.93,0.50,0.50
-0.07,0.00,-0.02,1.89,-0.13,-3.50,2.09,-0.63,1.69,-0.52,-0.05,-0.44,-1.07,1.76,-0.10,-15.47,0.22,1.94,0.50,0.50
-0.05,0.00,-0.01,2.04,-0.13,-3.37,2.28,-0.66,1.87,-0.51,-0.06,-0.45,-1.07,1.76,-0.09,-15.51,0.21,1.95,0.50,0.50
-0.04,0.00,0.00,2.14,-0.14,-3.40,2.43,-0.66,2.12,-0.51,-0.06,-0.46,-1.07,1.76,-0.09,-15.50,0.21,1.95,0.50,0.50
-0.03,0.00,0.01,2.20,-0.14,-3.36,2.58,-0.65,2.32,-0.51,-0.06,-0.47,-1.07,1.76,-0.08,-15.48,0.21,1.95,0.50,0.50
-0.01,0.00,0.02,2.28,-0.13,-3.38,2.67,-0.67,2.43,-0.56,0.02,-0.49,-1.06,1.75,-0.08,-15.45,0.21,1.99,0.50,0.50
0.00,0.00,0.02,2.33,-0.13,-3.39,2.70,-0.68,2.42,-0.61,0.00,-0.48,-1.05,1.75,-0.08,-15.44,0.21,2.00,0.50,0.50
0.01,0.00,0.02,2.36,-0.12,-3.40,2.71,-0.69,2.39,-0.62,0.00,-0.47,-1.04,1.75,-0.08,-15.42,0.21,2.02,0.50,0.50
0.02,0.00,0.02,2.37,-0.12,-3.39,2.64,-0.70,2.30,-0.61,0.00,-0.47,-1.04,1.75,-0.08,-15.44,0.20,2.04,0.50,0.50
0.03,0.00,0.02,2.34,-0.12,-3.39,2.54,-0.70,2.20,-0.61,0.00,-0.46,-1.04,1.75,-0.08,-15.47,0.19,2.06,0.50,0.50
0.02,0.00,0.02,2.29,-0.12,-3.38,2.45,-0.69,2.06,-0.62,0.00,-0.46,-1.04,1.76,-0.08,-15.47,0.20,2.07,0.50,0.50
0.01,0.00,0.01,2.25,-0.13,-3.37,2.38,-0.69,1.93,-0.62,0.00,-0.46,-1.04,1.76,-0.07,-15.49,0.19,2.08,0.50,0.50
0.00,0.00,0.01,2.23,-0.13,-3.36,2.36,-0.68,1.84,-0.63,0.00,-0.47,-1.04,1.76,-0.07,-15.49,0.20,2.08,0.50,0.50
-0.01,0.00,0.00,2.22,-0.13,-3.36,2.40,-0.68,1.85,-0.63,0.00,-0.47,-1.05,1.76,-0.07,-15.49,0.21,2.07,0.50,0.50
-0.01,0.00,0.00,2.24,-0.13,-3.35,2.49,-0.68,1.89,-0.63,0.00,-0.47,-1.06,1.77,-0.07,-15.49,0.22,2.06,0.50,0.50
-0.01,0.00,0.00,2.28,-0.13,-3.34,2.58,-0.68,1.96,-0.63,0.00,-0.48,-1.06,1.77,-0.07,-15.50,0.23,2.06,0.50,0.50
-0.02,0.00,0.00,2.33,-0.13,-3.34,2.66,-0.71,1.98,-0.63,0.00,-0.48,-1.07,1.77,-0.06,-15.52,0.23,2.07,0.50,0.50
-0.01,0.00,0.00,2.39,-0.13,-3.33,2.72,-0.73,1.95,-0.63,0.00,-0.48,-1.08,1.77,-0.08,-15.56,0.22,2.08,0.50,0.50
-0.01,0.00,0.00,2.43,-0.13,-3.28,2.77,-0.74,1.95,-0.64,0.00,-0.48,-1.08,1.77,-0.07,-15.57,0.22,2.09,0.50,0.50
-0.01,0.00,0.00,2.47,-0.13,-3.28,2.85,-0.75,2.05,-0.64,0.00,-0.48,-1.09,1.77,-0.07,-15.56,0.23,2.08,0.50,0.50
0.00,0.00,0.00,2.53,-0.13,-3.28,2.93,-0.75,2.20,-0.63,0.00,-0.49,-1.09,1.77,-0.07,-15.56,0.24,2.07,0.50,0.50
0.02,0.00,0.01,2.57,-0.13,-3.28,2.89,-0.77,2.19,-0.64,0.00,-0.49,-1.09,1.78,-0.07,-15.64,0.21,2.08,0.50,0.50
0.03,0.00,0.02,2.56,-0.13,-3.32,2.91,-0.76,2.21,-0.64,0.00,-0.50,-1.09,1.77,-0.07,-15.64,0.21,2.09,0.50,0.50
0.03,0.00,0.02,2.56,-0.13,-3.31,2.93,-0.75,2.29,-0.63,0.00,-0.49,-1.09,1.77,-0.07,-15.64,0.22,2.10,0.50,0.50
0.04,0.00,0.03,2.54,-0.13,-3.30,2.89,-0.73,2.34,-0.62,0.00,-0.49,-1.09,1.77,-0.06,-15.67,0.22,2.14,0.50,0.50
0.04,0.00,0.03,2.51,-0.13,-3.35,2.83,-0.72,2.36,-0.61,0.00,-0.48,-1.09,1.77,-0.06,-15.70,0.21,2.17,0.50,0.50
0.05,0.00,0.04,2.47,-0.13,-3.35,2.76,-0.71,2.34,-0.60,0.00,-0.47,-1.08,1.76,-0.06,-15.71,0.20,2.18,0.50,0.50
0.06,0.00,0.04,2.44,-0.12,-3.34,2.70,-0.70,2.31,-0.61,-0.01,-0.46,-1.07,1.75,-0.06,-15.69,0.20,2.17,0.50,0.50
0.06,0.00,0.04,2.43,-0.12,-3.33,2.73,-0.68,2.40,-0.61,-0.01,-0.46,-1.07,1.75,-0.06,-15.65,0.22,2.16,0.50,0.50
0.08,0.00,0.05,2.42,-0.11,-3.32,2.69,-0.66,2.53,-0.61,-0.01,-0.46,-1.07,1.74,-0.06,-15.66,0.23,2.16,0.50,0.50
0.10,0.00,0.06,2.33,-0.11,-3.31,2.58,-0.61,2.64,-0.62,-0.01,-0.47,-1.07,1.74,-0.07,-15.68,0.23,2.15,0.50,0.50
0.11,0.00,0.06,2.21,-0.10,-3.30,2.43,-0.55,2.77,-0.63,-0.01,-0.47,-1.06,1.73,-0.07,-15.68,0.23,2.13,0.50,0.50
0.13,0.00,0.07,2.07,-0.10,-3.29,2.24,-0.49,2.90,-0.62,-0.01,-0.47,-1.06,1.73,-0.07,-15.69,0.24,2.13,0.50,0.50
0.15,0.00,0.08,1.89,-0.10,-3.28,1.95,-0.43,2.92,-0.63,-0.01,-0.48,-1.07,1.72,-0.05,-15.75,0.23,2.13,0.50,0.50
0.15,0.00,0.08,1.67,-0.09,-3.42,1.62,-0.38,2.77,-0.63,-0.01,-0.49,-1.07,1.71,-0.05,-15.79,0.22,2.14,0.50,0.50
0.14,0.00,0.07,1.48,-0.09,-3.41,1.35,-0.34,2.62,-0.24,0.00,-0.09,-1.08,0.42,0.59,-3.97,0.39,2.74,0.05,0.50
0.12,0.00,0.06,1.31,-0.09,-3.40,1.13,-0.30,2.49,-0.16,0.00,-0.01,-1.09,0.17,0.72,-1.78,0.40,2.87,0.05,0.50
0.10,0.00,0.05,1.18,-0.09,-3.39,0.94,-0.28,2.33,-0.16,0.00,-0.01,-1.10,0.18,0.71,-1.87,0.37,2.88,0.05,0.50
0.08,0.00,0.04,1.08,-0.08,-3.39,0.83,-0.26,2.18,-0.16,0.00,-0.01,-1.10,0.18,0.71,-1.91,0.35,2.88,0.05,0.50
0.06,0.00,0.03,1.03,-0.08,-3.39,0.74,-0.26,1.99,-0.16,0.00,-0.01,-1.10,0.18,0.71,-1.94,0.34,2.87,0.05,0.50
0.04,0.00,0.02,0.40,-0.02,0.32,0.04,-0.15,2.94,-0.16,0.00,-0.01,-1.10,0.18,0.70,-1.95,0.33,2.86,0.05,0.05
0.05,0.00,0.02,0.42,-0.02,0.32,0.07,-0.10,2.82,-0.16,0.00,-0.01,-1.10,0.18,0.70,-1.96,0.32,2.86,0.05,0.05
0.05,0.00,0.03,0.42,-0.01,0.32,0.05,-0.07,2.70,-0.16,0.00,0.00,-1.10,0.18,0.70,-1.95,0.31,2.85,0.05,0.05
0.05,0.00,0.03,0.41,-0.01,0.32,0.01,-0.06,2.59,-0.16,0.00,0.00,-1.09,0.18,0.69,-1.93,0.31,2.83,0.05,0.05
0.05,0.00,0.03,0.40,-0.01,0.32,-0.02,-0.06,2.49,-0.16,-0.01,0.00,-1.08,0.18,0.69,-1.91,0.30,2.82,0.05,0.05
0.05,0.00,0.03,0.40,-0.01,0.32,-0.06,-0.06,2.40,-0.16,0.00,0.00,-1.08,0.18,0.69,-1.90,0.30,2.81,0.05,0.05
0.05,0.00,0.03,0.41,-0.01,0.32,-0.12,-0.08,2.31,-0.16,0.00,0.00,-1.07,0.18,0.68,-1.89,0.29,2.80,0.05,0.05
0.05,0.00,0.03,0.41,-0.01,0.32,-0.17,-0.10,2.23,-0.16,-0.01,0.00,-1.07,0.18,0.69,-1.87,0.30,2.81,0.05,0.05
0.04,0.00,0.02,0.40,-0.02,0.31,-0.21,-0.11,2.16,-0.16,-0.01,0.00,-1.06,0.18,0.69,-1.85,0.30,2.81,0.05,0.05
0.04,0.00,0.02,0.39,-0.02,0.31,-0.23,-0.12,2.09,-0.16,-0.01,0.00,-1.06,0.18,0.69,-1.83,0.30,2.81,0.05,0.05
0.04,0.00,0.02,0.40,-0.02,0.31,-0.24,-0.13,2.01,-0.16,0.00,0.00,-1.06,0.18,0.68,-1.82,0.30,2.82,0.05,0.05
0.04,0.00,0.02,0.40,-0.02,0.31,-0.24,-0.14,1.93,-0.16,0.00,0.00,-1.06,0.18,0.69,-1.83,0.31,2.83,0.05,0.05
0.03,0.00,0.02,0.39,-0.02,0.31,-0.24,-0.14,1.87,-0.17,0.00,0.00,-1.07,0.18,0.69,-1.84,0.31,2.85,0.05,0.05
0.03,0.00,0.02,0.38,-0.02,0.31,-0.24,-0.15,1.82,-0.17,0.00,0.00,-1.07,0.18,0.68,-1.84,0.32,2.85,0.05,0.05
0.03,0.00,0.02,0.36,-0.02,0.31,-0.26,-0.15,1.78,-0.17,0.00,0.00,-1.08,0.18,0.68,-1.83,0.33,2.85,0.05,0.05
0.03,0.00,0.02,0.33,-0.02,0.30,-0.29,-0.14,1.75,-0.17,0.00,0.00,-1.09,0.19,0.68,-1.82,0.34,2.85,0.05,0.05
0.02,0.00,0.02,0.32,-0.02,0.30,-0.30,-0.14,1.74,-0.17,0.00,0.00,-1.09,0.19,0.68,-1.81,0.35,2.85,0.05,0.05
0.02,0.00,0.02,0.32,-0.03,0.29,-0.31,-0.14,1.76,-0.17,0.00,0.00,-1.10,0.19,0.69,-1.82,0.35,2.87,0.05,0.05
0.02,0.00,0.02,0.34,-0.03,0.29,-0.31,-0.14,1.81,-0.17,0.00,0.00,-1.12,0.19,0.69,-1.86,0.35,2.88,0.05,0.05
0.01,0.00,0.02,0.35,-0.03,0.29,-0.30,-0.15,1.87,-0.17,0.00,0.00,-1.12,0.19,0.69,-1.88,0.35,2.91,0.05,0.05
0.01,0.00,0.02,0.35,-0.03,0.28,-0.31,-0.15,1.90,-0.17,0.00,0.00,-1.13,0.19,0.69,-1.89,0.34,2.92,0.05,0.05
0.01,0.00,0.02,0.34,-0.03,0.27,-0.33,-0.14,1.88,-0.17,0.00,0.00,-1.12,0.19,0.69,-1.89,0.34,2.92,0.05,0.05
0.01,0.00,0.02,0.33,-0.03,0.26,-0.36,-0.14,1.85,-0.17,0.00,0.00,-1.12,0.19,0.69,-1.89,0.32,2.92,0.05,0.05
0.01,0.00,0.02,0.33,-0.03,0.25,-0.40,-0.14,1.83,-0.17,0.00,0.00,-1.11,0.19,0.69,-1.88,0.32,2.91,0.05,0.05
0.01,0.00,0.02,0.31,-0.03,0.25,-0.44,-0.14,1.81,-0.17,0.00,0.00,-1.11,0.19,0.69,-1.86,0.32,2.90,0.05,0.05
0.01,0.00,0.02,0.30,-0.03,0.24,-0.46,-0.14,1.78,-0.17,0.00,0.00,-1.10,0.19,0.69,-1.82,0.32,2.88,0.05,0.05
0.01,0.00,0.02,0.30,-0.03,0.24,-0.49,-0.13,1.74,-0.17,0.00,0.00,-1.10,0.20,0.69,-1.80,0.33,2.87,0.05,0.05
0.01,0.00,0.02,0.32,-0.02,0.24,-0.52,-0.13,1.69,-0.17,0.00,0.00,-1.10,0.19,0.69,-1.80,0.32,2.85,0.05,0.05
0.01,0.00,0.02,0.32,-0.02,0.24,-0.52,-0.13,1.68,-0.17,0.00,0.00,-1.10,0.19,0.70,-1.80,0.32,2.83,0.05,0.05
0.02,0.00,0.02,0.31,-0.02,0.25,-0.51,-0.13,1.69,-0.16,0.00,0.00,-1.10,0.19,0.70,-1.78,0.33,2.82,0.05,0.05
0.02,0.00,0.02,0.31,-0.02,0.25,-0.52,-0.12,1.72,-0.16,0.00,0.00,-1.10,0.19,0.70,-1.78,0.32,2.80,0.05,0.05
0.02,0.00,0.02,0.32,-0.02,0.25,-0.52,-0.12,1.78,-0.16,0.00,0.00,-1.09,0.19,0.70,-1.77,0.32,2.78,0.05,0.05
0.02,0.00,0.02,0.33,-0.02,0.25,-0.52,-0.12,1.85,-0.16,0.00,-0.01,-1.09,0.19,0.70,-1.76,0.32,2.77,0.05,0.05
0.02,0.00,0.02,0.33,-0.02,0.26,-0.50,-0.12,1.94,-0.16,0.00,-0.01,-1.08,0.19,0.69,-1.75,0.32,2.76,0.05,0.05
0.02,0.00,0.02,0.33,-0.02,0.26,-0.47,-0.11,2.02,-0.15,0.00,-0.01,-1.08,0.19,0.69,-1.74,0.32,2.75,0.05,0.05
0.03,0.00,0.02,0.33,-0.01,0.26,-0.45,-0.10,2.09,-0.15,0.00,-0.01,-1.07,0.19,0.69,-1.73,0.32,2.75,0.05,0.05
0.03,0.00,0.02,0.33,-0.01,0.26,-0.42,-0.10,2.16,-0.15,0.00,-0.01,-1.07,0.19,0.69,-1.74,0.32,2.74,0.05,0.05
0.03,0.00,0.02,0.34,-0.01,0.27,-0.39,-0.09,2.22,-0.15,0.00,-0.01,-1.07,0.19,0.69,-1.76,0.32,2.74,0.05,0.05
0.03,0.00,0.02,0.34,-0.01,0.28,-0.35,-0.09,2.27,-0.15,0.00,-0.01,-1.08,0.19,0.69,-1.78,0.32,2.74,0.05,0.05
0.04,0.00,0.02,0.35,-0.01,0.28,-0.32,-0.09,2.33,-0.15,0.00,-0.01,-1.09,0.19,0.69,-1.81,0.32,2.74,0.05,0.05
0.04,0.00,0.02,0.36,-0.01,0.29,-0.28,-0.08,2.37,-0.16,0.00,-0.01,-1.09,0.19,0.69,-1.84,0.32,2.75,0.05,0.05
0.04,0.00,0.02,0.37,-0.01,0.30,-0.26,-0.09,2.41,-0.16,0.00,-0.01,-1.10,0.19,0.69,-1.86,0.32,2.76,0.05,0.05
0.04,0.00,0.02,0.37,-0.01,0.31,-0.24,-0.09,2.44,-0.16,0.00,-0.01,-1.10,0.19,0.69,-1.88,0.32,2.76,0.05,0.05
0.04,0.00,0.02,0.37,-0.01,0.31,-0.25,-0.08,2.45,-0.16,0.00,-0.01,-1.10,0.19,0.68,-1.87,0.32,2.75,0.05,0.05
0.05,0.00,0.02,0.36,-0.01,0.31,-0.26,-0.08,2.46,-0.16,0.00,-0.01,-1.09,0.19,0.68,-1.86,0.31,2.73,0.05,0.05
0.05,0.00,0.02,0.35,-0.01,0.31,-0.28,-0.08,2.46,-0.16,0.00,-0.01,-1.09,0.19,0.67,-1.84,0.31,2.72,0.05,0.05
0.05,0.00,0.02,0.35,-0.01,0.32,-0.28,-0.07,2.46,-0.16,-0.01,-0.01,-1.08,0.19,0.67,-1.83,0.31,2.71,0.05,0.05
0.05,0.00,0.02,0.35,-0.01,0.32,-0.28,-0.07,2.45,-0.16,-0.01,-0.01,-1.08,0.18,0.67,-1.82,0.31,2.70,0.05,0.05
0.05,0.00,0.02,0.35,-0.01,0.32,-0.29,-0.07,2.44,-0.16,-0.01,-0.01,-1.07,0.18,0.67,-1.80,0.31,2.70,0.05,0.05
0.05,0.00,0.02,0.34,-0.01,0.32,-0.30,-0.07,2.43,-0.16,-0.01,-0.01,-1.07,0.18,0.67,-1.79,0.31,2.69,0.05,0.05
8.93,0.30,8.93,5.52,0.68,4.23,-1.76,-0.76,7.17,-0.68,-0.13,7.88,-7.18,-0.36,4.24,1.04,0.42,3.54,0.05,0.05
1.03,0.30,7.68,5.46,2.17,11.79,1.28,-2.36,12.14,-0.93,-0.10,5.24,-6.21,-0.74,11.14,-2.46,1.11,5.12,0.05,0.05
3.07,0.44,2.53,-8.82,0.99,1.36,45.05,-1.26,27.12,-1.24,-0.28,2.74,100.82,-0.54,0.56,-12.83,2.82,8.94,0.05,0.05
2.33,0.31,11.38,0.12,1.24,3.49,20.96,-0.53,13.37,-1.13,-0.07,14.73,-3.59,-0.73,2.98,-14.31,1.07,13.16,0.05,0.05
2.19,0.08,9.68,2.66,1.92,3.76,10.69,1.21,6.58,-1.07,0.03,12.16,-3.59,-1.11,3.21,-14.08,0.59,13.75,0.05,0.05
2.03,-0.11,4.65,2.13,1.75,4.05,8.99,0.45,-0.63,-0.95,0.11,6.05,-3.37,-1.01,3.46,-13.29,1.29,13.80,0.05,0.05
1.52,-0.18,1.52,2.04,1.17,4.16,8.28,-0.23,-2.53,-0.70,0.10,1.97,-3.18,-0.71,3.48,-12.83,2.05,13.51,0.05,0.05
0.90,-0.15,0.80,2.21,0.82,4.12,8.77,-0.44,-0.57,-0.47,0.05,1.07,-3.16,-0.58,3.35,-12.96,2.10,13.28,0.05,0.05
0.46,-0.08,0.66,2.36,0.69,4.00,9.39,-0.43,1.32,-0.35,0.02,0.57,-3.18,-0.56,3.17,-13.21,1.91,13.01,0.05,0.05
0.18,-0.02,0.47,2.49,0.65,3.84,10.13,-0.34,3.08,-0.28,-0.01,0.32,-3.20,-0.56,3.05,-13.42,1.73,12.80,0.05,0.05
0.07,0.01,0.28,2.59,0.69,3.71,10.49,-0.19,4.50,-0.25,-0.02,0.16,-3.21,-0.58,2.98,-13.52,1.63,12.68,0.05,0.05
0.06,0.03,0.15,2.63,0.75,3.63,10.72,-0.08,5.07,-0.25,-0.03,0.07,-3.21,-0.59,2.94,-13.57,1.58,12.59,0.05,0.05
0.14,0.05,0.05,2.65,0.82,3.60,11.01,-0.02,4.66,-0.27,-0.03,-0.02,-3.20,-0.61,2.92,-13.57,1.61,12.47,0.05,0.05
0.18,0.05,-0.10,4.82,0.92,4.78,6.97,0.15,4.30,-0.28,-0.04,-0.19,-3.20,-0.65,4.75,-13.55,1.18,12.21,0.05,0.05
0.62,0.05,-0.04,7.31,1.28,14.22,4.28,-0.80,0.82,-0.47,-0.05,-0.06,-10.24,-0.75,14.03,-13.17,0.98,11.03,0.05,0.05
0.56,0.00,-0.23,6.76,1.35,13.92,8.02,-1.67,3.43,-0.62,-0.02,-0.09,-9.75,-0.79,14.26,-12.20,2.21,10.44,0.05,0.05
0.61,-0.04,-0.11,5.89,1.39,13.40,9.84,-2.11,4.37,-0.63,-0.02,-0.19,-7.62,-0.78,13.98,-12.26,2.56,9.75,0.05,0.05
0.63,-0.06,-0.11,5.40,1.41,12.97,10.69,-2.27,4.91,-0.67,-0.01,-0.25,-6.15,-0.79,13.73,-12.24,2.73,9.19,0.05,0.05
0.62,-0.08,-0.11,5.06,1.39,12.57,11.29,-2.29,5.63,-0.70,-0.01,-0.28,-5.00,-0.80,13.54,-12.14,2.89,8.71,0.05,0.05
0.64,-0.10,-0.18,4.94,1.39,12.11,11.60,-2.21,5.62,-0.75,-0.01,-0.41,-4.54,-0.80,13.29,-11.83,3.00,8.12,0.05,0.05
0.64,-0.11,-0.14,4.55,1.37,11.90,11.82,-2.22,5.54,-0.78,-0.01,-0.41,-3.83,-0.81,13.14,-11.70,3.05,7.75,0.05,0.05
0.65,-0.13,-0.15,4.37,1.35,11.77,11.71,-2.24,5.42,-0.78,-0.01,-0.41,-3.54,-0.80,12.99,-11.66,2.99,7.43,0.05,0.05
0.67,-0.14,-0.17,4.07,1.35,11.59,11.74,-2.20,5.18,-0.80,0.00,-0.43,-3.31,-0.80,12.86,-11.52,2.97,7.11,0.05,0.05
0.68,-0.14,-0.17,3.89,1.34,11.44,11.74,-2.14,4.72,-0.82,0.00,-0.46,-3.09,-0.79,12.73,-11.32,2.96,6.82,0.05,0.05
0.72,-0.15,-0.17,3.71,1.34,11.30,11.70,-2.08,4.30,-0.84,0.00,-0.47,-2.82,-0.78,12.59,-11.15,2.91,6.53,0.05,0.05
0.71,-0.15,-0.16,3.58,1.33,11.20,11.69,-2.02,4.08,-0.84,0.01,-0.47,-2.62,-0.77,12.48,-11.04,2.84,6.31,0.05,0.05
0.70,-0.15,-0.16,3.37,1.32,11.09,11.64,-1.97,3.62,-0.86,0.01,-0.49,-2.47,-0.76,12.34,-10.85,2.75,6.05,0.05,0.05
0.69,-0.17,-0.14,3.35,1.30,11.01,11.51,-1.92,3.56,-0.86,0.01,-0.48,-2.31,-0.75,12.22,-10.76,2.65,5.85,0.05,0.05
0.67,-0.17,-0.13,3.19,1.27,10.94,11.40,-1.87,3.55,-0.87,0.02,-0.48,-2.21,-0.75,12.13,-10.69,2.55,5.67,0.05,0.05
0.67,-0.17,-0.14,2.97,1.26,10.84,11.31,-1.80,3.35,-0.88,0.02,-0.48,-2.12,-0.74,12.02,-10.56,2.45,5.48,0.05,0.05
0.74,-0.17,-0.16,2.80,1.28,10.70,11.06,-1.70,2.83,-0.90,0.02,-0.51,-2.18,-0.73,11.88,-10.33,2.31,5.22,0.05,0.05
0.72,-0.19,-0.15,2.83,1.25,10.63,10.93,-1.63,2.99,-0.90,0.02,-0.48,-1.92,-0.72,11.84,-10.24,2.27,5.07,0.05,0.05
0.73,-0.19,-0.15,2.58,1.23,10.53,10.76,-1.55,2.79,-0.91,0.02,-0.49,-1.92,-0.71,11.75,-10.07,2.18,4.89,0.05,0.05
0.78,-0.20,-0.16,2.63,1.23,10.39,10.51,-1.41,2.36,-0.93,0.03,-0.53,-2.00,-0.70,11.60,-9.80,2.02,4.67,0.05,0.05
0.78,-0.20,-0.16,2.42,1.21,10.29,10.35,-1.31,2.27,-0.95,0.03,-0.51,-1.72,-0.69,11.53,-9.59,1.95,4.47,0.05,0.05
0.79,-0.21,-0.17,2.29,1.20,10.20,10.05,-1.22,1.99,-0.97,0.03,-0.53,-1.71,-0.68,11.43,-9.36,1.83,4.30,0.05,0.05
0.80,-0.22,-0.16,2.48,1.18,10.11,9.79,-1.14,1.65,-0.98,0.03,-0.54,-1.62,-0.67,11.40,-9.13,1.73,4.13,0.05,0.05
0.82,-0.21,-0.16,1.85,1.17,9.90,9.62,-1.03,1.66,-1.01,0.03,-0.52,-1.29,-0.66,11.25,-8.90,1.62,3.96,0.05,0.05
0.86,-0.23,-0.15,1.82,1.16,9.83,9.35,-0.92,1.44,-1.03,0.03,-0.54,-1.20,-0.66,11.14,-8.64,1.49,3.81,0.05,0.05
0.85,-0.23,-0.14,1.60,1.14,9.73,9.17,-0.82,1.34,-1.05,0.03,-0.55,-1.03,-0.65,10.99,-8.43,1.35,3.68,0.05,0.05
0.84,-0.23,-0.12,1.31,1.12,9.76,8.94,-0.82,1.20,-1.05,0.03,-0.55,-0.94,-0.64,10.99,-8.30,1.30,3.62,0.05,0.05
0.81,-0.24,-0.09,1.21,1.09,9.68,8.92,-0.69,1.12,-1.07,0.03,-0.55,-0.83,-0.63,10.95,-8.10,1.17,3.50,0.05,0.05
0.79,-0.23,-0.10,1.00,1.08,9.69,8.77,-0.70,1.00,-1.08,0.03,-0.57,-0.71,-0.62,10.86,-7.93,1.17,3.47,0.05,0.05
0.77,-0.23,-0.09,0.83,1.07,9.71,8.61,-0.71,0.92,-1.09,0.03,-0.57,-0.65,-0.62,10.83,-7.83,1.14,3.44,0.05,0.05
0.74,-0.23,-0.09,0.72,1.05,9.75,8.47,-0.74,0.87,-1.08,0.03,-0.56,-0.61,-0.61,10.79,-7.78,1.10,3.41,0.05,0.05
0.70,-0.22,-0.09,0.62,1.04,9.77,8.37,-0.75,0.87,-1.08,0.04,-0.55,-0.58,-0.61,10.75,-7.74,1.06,3.38,0.05,0.05
0.67,-0.22,-0.09,0.57,1.03,9.79,8.29,-0.75,0.90,-1.08,0.04,-0.55,-0.56,-0.60,10.71,-7.70,1.03,3.36,0.05,0.05
0.63,-0.21,-0.10,0.52,1.01,9.83,8.20,-0.77,0.93,-1.07,0.04,-0.53,-0.54,-0.60,10.69,-7.68,0.99,3.33,0.05,0.05
0.59,-0.21,-0.11,0.50,1.00,9.88,8.11,-0.80,0.91,-1.07,0.04,-0.52,-0.53,-0.59,10.67,-7.67,0.97,3.31,0.05,0.05
0.56,-0.20,-0.11,0.46,0.99,9.91,8.03,-0.82,0.90,-1.06,0.04,-0.50,-0.51,-0.59,10.66,-7.65,0.95,3.28,0.05,0.05
0.53,-0.20,-0.11,0.42,0.98,9.95,7.96,-0.83,0.91,-1.05,0.04,-0.48,-0.51,-0.59,10.66,-7.64,0.93,3.25,0.05,0.05
0.50,-0.20,-0.11,0.38,0.97,9.98,7.90,-0.84,0.91,-1.04,0.05,-0.46,-0.50,-0.58,10.65,-7.62,0.91,3.22,0.05,0.05
0.47,-0.19,-0.11,0.36,0.95,10.02,7.86,-0.85,0.88,-1.03,0.05,-0.44,-0.49,-0.58,10.64,-7.60,0.89,3.19,0.05,0.05
0.44,-0.19,-0.11,0.32,0.94,10.04,7.82,-0.85,0.84,-1.03,0.05,-0.42,-0.48,-0.57,10.62,-7.58,0.87,3.16,0.05,0.05
0.41,-0.19,-0.11,0.29,0.92,10.07,7.79,-0.85,0.76,-1.02,0.05,-0.40,-0.46,-0.56,10.61,-7.56,0.85,3.13,0.05,0.05
0.38,-0.18,-0.12,0.27,0.91,10.10,7.77,-0.86,0.67,-1.01,0.05,-0.38,-0.44,-0.56,10.60,-7.54,0.82,3.09,0.05,0.05
0.35,-0.18,-0.12,0.21,0.89,10.13,7.76,-0.85,0.54,-1.00,0.06,-0.37,-0.42,-0.55,10.59,-7.50,0.80,3.05,0.05,0.05
0.33,-0.18,-0.12,0.10,0.88,10.17,7.78,-0.85,0.43,-1.00,0.06,-0.36,-0.40,-0.55,10.58,-7.44,0.79,3.02,0.05,0.05
0.30,-0.17,-0.12,0.03,0.87,10.17,7.81,-0.84,0.35,-0.99,0.06,-0.34,-0.38,-0.54,10.57,-7.40,0.78,2.99,0.05,0.05
0.28,-0.17,-0.14,0.08,0.87,9.88,7.75,-0.88,0.25,-0.98,0.06,-0.33,-0.36,-0.54,10.55,-7.37,0.75,2.96,0.05,0.05
0.26,-0.16,-0.17,-0.30,0.87,9.92,7.71,-0.98,0.06,-0.96,0.06,-0.30,-0.32,-0.53,10.51,-7.38,0.66,2.92,0.05,0.05
0.21,-0.15,-0.20,-0.68,0.87,9.96,7.75,-1.10,-0.07,-0.94,0.06,-0.26,-0.30,-0.52,10.47,-7.41,0.61,2.88,0.05,0.05
0.31,-0.11,0.05,-3.90,0.87,9.92,8.11,-0.66,0.48,-0.91,0.05,-0.19,0.30,-0.49,10.50,-7.09,0.41,2.54,0.05,0.05
0.18,-0.18,-0.03,-0.66,0.79,9.94,7.56,-0.53,0.32,-0.91,0.06,-0.15,-0.08,-0.49,10.49,-6.93,0.37,2.43,0.05,0.05
0.17,-0.17,-0.07,-0.99,0.77,9.73,7.18,-0.49,0.37,-0.89,0.06,-0.10,-0.05,-0.48,10.52,-6.93,0.31,2.33,0.05,0.05
0.13,-0.17,-0.10,-1.03,0.75,9.69,7.16,-0.46,0.40,-0.88,0.06,-0.07,0.02,-0.47,10.58,-6.88,0.31,2.28,0.05,0.05
0.08,-0.16,-0.11,-1.12,0.73,9.84,7.23,-0.42,0.47,-0.84,0.06,-0.05,0.03,-0.47,10.71,-6.82,0.38,2.24,0.05,0.05
0.04,-0.16,-0.11,-1.07,0.71,9.77,7.24,-0.40,0.46,-0.80,0.06,-0.02,0.05,-0.46,10.75,-6.77,0.41,2.17,0.05,0.05
0.04,-0.16,-0.10,-1.04,0.71,9.76,7.28,-0.37,0.56,-0.75,0.06,0.01,0.05,-0.45,10.81,-6.80,0.42,2.10,0.05,0.05
0.03,-0.16,-0.10,-1.12,0.70,9.65,7.32,-0.33,0.74,-0.69,0.06,0.04,0.03,-0.43,10.89,-6.83,0.43,2.03,0.05,0.05
0.02,-0.16,-0.10,-1.25,0.69,9.66,7.31,-0.31,0.82,-0.63,0.06,0.06,0.03,-0.42,10.94,-6.83,0.45,1.95,0.05,0.05
0.01,-0.16,-0.11,-1.42,0.69,9.66,7.30,-0.29,0.93,-0.57,0.06,0.08,0.04,-0.40,10.99,-6.84,0.44,1.87,0.05,0.05
-0.02,-0.16,-0.11,-1.61,0.68,9.83,7.29,-0.30,1.01,-0.49,0.05,0.09,0.05,-0.39,11.06,-6.83,0.43,1.81,0.05,0.05
-0.03,-0.15,-0.12,-1.64,0.67,9.87,7.31,-0.31,1.12,-0.43,0.05,0.09,0.06,-0.37,11.05,-6.83,0.41,1.76,0.05,0.05
-0.02,-0.16,-0.11,-1.67,0.67,9.85,7.33,-0.30,1.26,-0.37,0.04,0.10,0.05,-0.36,11.05,-6.83,0.39,1.72,0.05,0.05
-0.01,-0.16,-0.11,-1.68,0.68,9.87,7.35,-0.29,1.30,-0.32,0.04,0.10,0.06,-0.34,11.05,-6.81,0.36,1.69,0.05,0.05
0.02,-0.16,-0.11,-1.71,0.69,9.80,7.36,-0.28,1.30,-0.29,0.04,0.09,0.08,-0.34,10.71,-6.73,0.41,1.66,0.05,0.05
0.03,-0.16,-0.11,-1.70,0.69,9.81,7.37,-0.26,1.32,-0.25,0.03,0.08,0.09,-0.33,10.70,-6.67,0.42,1.62,0.05,0.05
0.03,-0.16,-0.11,-1.69,0.69,9.78,7.39,-0.25,1.34,-0.22,0.03,0.07,0.10,-0.32,10.72,-6.63,0.45,1.58,0.05,0.05
0.05,-0.16,-0.12,-1.72,0.70,9.75,7.38,-0.23,1.37,-0.19,0.03,0.06,0.10,-0.31,10.78,-6.59,0.47,1.56,0.05,0.05
0.06,-0.16,-0.12,-1.73,0.70,9.69,7.39,-0.22,1.37,-0.16,0.03,0.05,0.08,-0.30,10.90,-6.57,0.51,1.54,0.05,0.05
0.07,-0.16,-0.13,-1.73,0.71,9.69,7.38,-0.23,1.31,-0.13,0.03,0.04,0.07,-0.30,10.92,-6.55,0.53,1.53,0.05,0.05
0.08,-0.16,-0.13,-1.71,0.71,9.69,7.39,-0.24,1.30,-0.11,0.03,0.03,0.06,-0.29,10.94,-6.54,0.56,1.53,0.05,0.05
0.08,-0.16,-0.14,-1.67,0.71,9.69,7.41,-0.24,1.35,-0.09,0.03,0.02,0.03,-0.29,10.97,-6.53,0.60,1.54,0.05,0.05
0.09,-0.16,-0.14,-1.68,0.72,9.69,7.41,-0.25,1.38,-0.07,0.03,0.01,-0.01,-0.28,10.97,-6.53,0.63,1.53,0.05,0.05
0.10,-0.16,-0.15,-1.65,0.72,9.73,7.43,-0.26,1.42,-0.05,0.03,0.01,-0.03,-0.28,10.99,-6.54,0.65,1.53,0.05,0.05
0.11,-0.16,-0.15,-1.58,0.73,9.73,7.45,-0.27,1.48,-0.04,0.03,0.00,-0.07,-0.28,11.00,-6.55,0.67,1.54,0.05,0.05
0.13,-0.16,-0.15,-1.53,0.74,9.72,7.45,-0.27,1.57,-0.03,0.04,0.00,-0.10,-0.27,11.00,-6.57,0.69,1.54,0.05,0.05
0.15,-0.16,-0.15,-1.46,0.75,9.72,7.44,-0.27,1.66,-0.02,0.04,-0.01,-0.15,-0.27,11.01,-6.59,0.71,1.54,0.05,0.05
0.17,-0.16,-0.16,-1.41,0.76,9.70,7.42,-0.27,1.73,-0.02,0.04,0.00,-0.19,-0.27,11.00,-6.62,0.72,1.54,0.05,0.05
0.20,-0.16,-0.16,-1.40,0.77,9.69,7.36,-0.26,1.77,-0.03,0.04,0.00,-0.21,-0.27,10.94,-6.65,0.73,1.54,0.05,0.05
0.22,-0.17,-0.17,-1.35,0.77,9.69,7.30,-0.27,1.78,-0.03,0.04,0.00,-0.23,-0.28,10.91,-6.67,0.73,1.55,0.05,0.05
0.23,-0.17,-0.17,-1.39,0.78,9.74,7.26,-0.28,1.79,-0.04,0.04,-0.01,-0.24,-0.28,10.92,-6.68,0.74,1.56,0.05,0.05
0.23,-0.17,-0.18,-1.42,0.78,9.76,7.23,-0.30,1.80,-0.05,0.04,-0.01,-0.25,-0.28,10.91,-6.70,0.74,1.57,0.05,0.05
0.24,-0.17,-0.18,-1.44,0.78,9.74,7.20,-0.31,1.81,-0.05,0.04,-0.01,-0.25,-0.28,10.91,-6.70,0.74,1.58,0.05,0.05
0.24,-0.17,-0.18,-1.45,0.78,9.79,7.18,-0.32,1.82,-0.05,0.04,-0.01,-0.25,-0.28,10.93,-6.71,0.74,1.59,0.05,0.05
0.23,-0.17,-0.18,-1.45,0.78,9.78,7.16,-0.34,1.81,-0.04,0.04,-0.01,-0.25,-0.28,10.97,-6.71,0.74,1.58,0.05,0.05
0.23,-0.17,-0.17,-1.43,0.78,9.83,7.15,-0.35,1.80,-0.04,0.04,0.00,-0.25,-0.28,11.01,-6.71,0.74,1.57,0.05,0.05
0.23,-0.17,-0.17,-1.43,0.78,9.84,7.14,-0.35,1.79,-0.04,0.04,0.00,-0.27,-0.28,11.02,-6.72,0.72,1.55,0.05,0.05
0.24,-0.17,-0.17,-1.45,0.78,9.84,7.13,-0.35,1.80,-0.05,0.04,0.00,-0.29,-0.28,10.92,-6.74,0.70,1.55,0.05,0.05
0.24,-0.17,-0.17,-1.47,0.78,9.83,7.13,-0.35,1.81,-0.06,0.04,0.00,-0.31,-0.29,10.86,-6.76,0.69,1.55,0.05,0.05
0.25,-0.17,-0.17,-1.46,0.79,9.82,7.13,-0.34,1.81,-0.08,0.04,0.00,-0.33,-0.29,10.83,-6.77,0.68,1.55,0.05,0.05
0.26,-0.17,-0.18,-1.43,0.79,9.80,7.15,-0.34,1.80,-0.10,0.04,0.00,-0.34,-0.29,10.85,-6.79,0.66,1.56,0.05,0.05
0.28,-0.17,-0.18,-1.38,0.80,9.78,7.17,-0.33,1.80,-0.12,0.04,0.00,-0.35,-0.30,10.83,-6.81,0.63,1.57,0.05,0.05
0.29,-0.17,-0.19,-1.37,0.80,9.72,7.19,-0.32,1.84,-0.14,0.04,-0.01,-0.38,-0.30,10.61,-6.84,0.62,1.59,0.05,0.05
0.30,-0.17,-0.20,-1.31,0.81,9.70,7.22,-0.32,1.89,-0.17,0.04,-0.02,-0.39,-0.31,10.56,-6.85,0.60,1.62,0.05,0.05
0.32,-0.17,-0.21,-1.24,0.82,9.72,7.25,-0.32,1.92,-0.19,0.04,-0.03,-0.40,-0.31,10.51,-6.86,0.58,1.65,0.05,0.05
0.34,-0.17,-0.21,-1.16,0.83,9.72,7.27,-0.33,1.93,-0.21,0.04,-0.04,-0.40,-0.32,10.48,-6.88,0.57,1.68,0.05,0.05
0.36,-0.18,-0.22,-1.09,0.84,9.67,7.30,-0.33,1.92,-0.23,0.04,-0.04,-0.41,-0.32,10.50,-6.89,0.55,1.70,0.05,0.05
0.38,-0.18,-0.22,-1.02,0.85,9.66,7.32,-0.33,1.88,-0.24,0.04,-0.05,-0.41,-0.33,10.49,-6.91,0.53,1.71,0.05,0.05
0.40,-0.18,-0.22,-0.98,0.86,9.65,7.34,-0.33,1.83,-0.26,0.04,-0.05,-0.42,-0.33,10.48,-6.92,0.51,1.73,0.05,0.05
0.42,-0.18,-0.23,-0.98,0.86,9.63,7.35,-0.33,1.79,-0.28,0.04,-0.06,-0.43,-0.34,10.48,-6.93,0.50,1.74,0.05,0.05
0.43,-0.18,-0.23,-0.99,0.87,9.61,7.36,-0.32,1.76,-0.30,0.04,-0.06,-0.44,-0.34,10.47,-6.94,0.50,1.75,0.05,0.05
0.45,-0.19,-0.23,-0.98,0.87,9.58,7.38,-0.30,1.71,-0.31,0.04,-0.07,-0.44,-0.35,10.50,-6.95,0.49,1.76,0.05,0.05
0.47,-0.19,-0.24,-1.00,0.87,9.55,7.40,-0.28,1.67,-0.33,0.04,-0.07,-0.45,-0.35,10.47,-6.96,0.48,1.78,0.05,0.05
0.48,-0.19,-0.24,-1.02,0.88,9.52,7.42,-0.27,1.63,-0.34,0.04,-0.07,-0.45,-0.35,10.49,-6.97,0.49,1.79,0.05,0.05
0.49,-0.19,-0.24,-1.04,0.88,9.49,7.43,-0.25,1.58,-0.34,0.04,-0.07,-0.44,-0.35,10.49,-6.98,0.49,1.81,0.05,0.05
0.49,-0.19,-0.24,-1.07,0.88,9.46,7.44,-0.23,1.57,-0.34,0.04,-0.07,-0.44,-0.35,10.49,-6.98,0.50,1.81,0.05,0.05
0.49,-0.19,-0.24,-1.10,0.88,9.41,7.43,-0.22,1.57,-0.34,0.04,-0.06,-0.43,-0.35,10.51,-6.98,0.52,1.81,0.05,0.05
0.48,-0.19,-0.24,-1.14,0.87,9.39,7.43,-0.21,1.56,-0.33,0.04,-0.06,-0.42,-0.35,10.53,-6.97,0.54,1.81,0.05,0.05
0.47,-0.18,-0.24,-1.17,0.87,9.36,7.41,-0.20,1.56,-0.32,0.04,-0.05,-0.41,-0.35,10.57,-6.96,0.56,1.80,0.05,0.05
0.46,-0.18,-0.24,-1.18,0.86,9.34,7.40,-0.19,1.56,-0.32,0.04,-0.04,-0.41,-0.35,10.61,-6.95,0.58,1.79,0.05,0.05
0.45,-0.18,-0.24,-1.22,0.86,9.33,7.38,-0.18,1.58,-0.31,0.04,-0.04,-0.40,-0.35,10.64,-6.93,0.59,1.78,0.05,0.05
0.44,-0.18,-0.24,-1.29,0.85,9.34,7.36,-0.17,1.59,-0.30,0.04,-0.03,-0.39,-0.35,10.68,-6.91,0.60,1.77,0.05,0.05
0.43,-0.18,-0.24,-1.34,0.84,9.38,7.35,-0.16,1.59,-0.30,0.04,-0.03,-0.38,-0.34,10.71,-6.89,0.60,1.75,0.05,0.05
0.42,-0.18,-0.24,-1.36,0.84,9.42,7.34,-0.16,1.59,-0.29,0.04,-0.02,-0.38,-0.34,10.70,-6.89,0.59,1.74,0.05,0.05
0.41,-0.18,-0.24,-1.37,0.84,9.42,7.34,-0.16,1.59,-0.29,0.04,-0.02,-0.38,-0.34,10.69,-6.89,0.58,1.74,0.05,0.05
0.41,-0.18,-0.24,-1.34,0.84,9.42,7.35,-0.16,1.59,-0.28,0.04,-0.02,-0.38,-0.34,10.66,-6.89,0.57,1.73,0.05,0.05
0.42,-0.18,-0.24,-1.29,0.84,9.41,7.36,-0.17,1.59,-0.27,0.04,-0.01,-0.39,-0.34,10.64,-6.89,0.55,1.72,0.05,0.05
0.43,-0.18,-0.24,-1.27,0.85,9.40,7.36,-0.17,1.59,-0.26,0.04,-0.01,-0.39,-0.34,10.62,-6.89,0.55,1.71,0.05,0.05
0.43,-0.18,-0.24,-1.26,0.85,9.40,7.37,-0.17,1.58,-0.25,0.04,-0.01,-0.40,-0.33,10.54,-6.89,0.54,1.71,0.05,0.05
0.43,-0.18,-0.24,-1.26,0.85,9.41,7.37,-0.17,1.59,-0.24,0.04,-0.01,-0.41,-0.33,10.52,-6.90,0.54,1.70,0.05,0.05
0.43,-0.18,-0.23,-1.30,0.85,9.42,7.36,-0.17,1.60,-0.24,0.04,-0.02,-0.41,-0.33,10.54,-6.90,0.55,1.70,0.05,0.05
0.41,-0.18,-0.23,-1.35,0.84,9.43,7.34,-0.17,1.60,-0.23,0.04,-0.02,-0.41,-0.33,10.58,-6.90,0.56,1.70,0.05,0.05
0.40,-0.18,-0.23,-1.40,0.83,9.45,7.32,-0.17,1.59,-0.23,0.04,-0.02,-0.41,-0.33,10.58,-6.90,0.58,1.71,0.05,0.05
0.38,-0.18,-0.22,-1.46,0.83,9.47,7.30,-0.17,1.57,-0.22,0.04,-0.02,-0.40,-0.33,10.66,-6.89,0.59,1.70,0.05,0.05
0.36,-0.17,-0.22,-1.50,0.82,9.50,7.28,-0.17,1.56,-0.21,0.04,-0.01,-0.39,-0.33,10.73,-6.89,0.60,1.69,0.05,0.05
0.34,-0.17,-0.21,-1.49,0.81,9.48,7.27,-0.18,1.55,-0.20,0.04,0.00,-0.39,-0.32,10.77,-6.88,0.60,1.67,0.05,0.05
0.33,-0.17,-0.21,-1.47,0.81,9.48,7.28,-0.18,1.56,-0.20,0.04,0.00,-0.39,-0.32,10.79,-6.89,0.60,1.65,0.05,0.05
0.33,-0.17,-0.21,-1.43,0.81,9.48,7.29,-0.18,1.57,-0.19,0.04,0.01,-0.40,-0.32,10.82,-6.89,0.59,1.64,0.05,0.05
0.33,-0.17,-0.21,-1.38,0.81,9.48,7.30,-0.18,1.59,-0.18,0.04,0.02,-0.40,-0.32,10.79,-6.90,0.57,1.63,0.05,0.05
0.33,-0.17,-0.21,-1.34,0.81,9.51,7.31,-0.18,1.62,-0.18,0.04,0.02,-0.42,-0.32,10.76,-6.91,0.56,1.63,0.05,0.05
0.34,-0.17,-0.21,-1.34,0.82,9.50,7.32,-0.18,1.65,-0.17,0.04,0.02,-0.43,-0.32,10.68,-6.93,0.56,1.64,0.05,0.05
0.35,-0.17,-0.21,-1.32,0.82,9.49,7.31,-0.19,1.68,-0.17,0.04,0.01,-0.45,-0.32,10.61,-6.94,0.55,1.66,0.05,0.05
0.36,-0.17,-0.22,-1.27,0.83,9.49,7.32,-0.19,1.68,-0.17,0.04,0.00,-0.48,-0.32,10.60,-6.95,0.55,1.67,0.05,0.05
0.37,-0.18,-0.22,-1.23,0.83,9.47,7.34,-0.19,1.70,-0.18,0.04,0.00,-0.50,-0.32,10.54,-6.97,0.53,1.69,0.05,0.05
0.38,-0.18,-0.22,-1.20,0.84,9.46,7.35,-0.19,1.72,-0.20,0.04,-0.01,-0.51,-0.32,10.56,-6.99,0.53,1.72,0.05,0.05
0.40,-0.18,-0.23,-1.16,0.85,9.46,7.35,-0.20,1.76,-0.22,0.04,-0.02,-0.53,-0.33,10.60,-7.01,0.53,1.75,0.05,0.05
0.41,-0.18,-0.23,-1.09,0.85,9.46,7.35,-0.21,1.79,-0.24,0.04,-0.04,-0.54,-0.34,10.60,-7.03,0.53,1.79,0.05,0.05
0.42,-0.18,-0.23,-1.01,0.86,9.46,7.37,-0.22,1.82,-0.27,0.04,-0.04,-0.56,-0.34,10.51,-7.05,0.52,1.82,0.05,0.05
0.44,-0.18,-0.23,-0.96,0.87,9.47,7.39,-0.23,1.85,-0.30,0.04,-0.05,-0.56,-0.35,10.57,-7.08,0.52,1.86,0.05,0.05
0.45,-0.18,-0.24,-0.93,0.88,9.47,7.39,-0.25,1.87,-0.32,0.04,-0.06,-0.57,-0.36,10.57,-7.10,0.52,1.89,0.05,0.05
0.47,-0.19,-0.24,-0.89,0.89,9.49,7.39,-0.27,1.87,-0.34,0.04,-0.06,-0.56,-0.36,10.56,-7.11,0.52,1.91,0.05,0.05
0.48,-0.19,-0.24,-0.86,0.89,9.50,7.38,-0.29,1.86,-0.35,0.04,-0.05,-0.56,-0.36,10.56,-7.12,0.52,1.92,0.05,0.05
0.49,-0.19,-0.24,-0.85,0.90,9.52,7.36,-0.31,1.86,-0.35,0.04,-0.05,-0.55,-0.37,10.56,-7.13,0.53,1.93,0.05,0.05
0.50,-0.19,-0.23,-0.84,0.90,9.53,7.35,-0.32,1.85,-0.36,0.04,-0.05,-0.56,-0.37,10.48,-7.13,0.54,1.93,0.05,0.05
0.51,-0.19,-0.23,-0.85,0.91,9.54,7.35,-0.32,1.84,-0.37,0.04,-0.05,-0.57,-0.37,10.44,-7.14,0.54,1.94,0.05,0.05
0.51,-0.19,-0.23,-0.86,0.91,9.54,7.35,-0.32,1.82,-0.37,0.05,-0.05,-0.57,-0.37,10.40,-7.15,0.54,1.94,0.05,0.05
0.52,-0.20,-0.23,-0.87,0.91,9.54,7.36,-0.32,1.79,-0.37,0.05,-0.05,-0.57,-0.37,10.42,-7.15,0.53,1.93,0.05,0.05
0.52,-0.20,-0.23,-0.89,0.91,9.53,7.36,-0.32,1.76,-0.37,0.05,-0.05,-0.57,-0.37,10.42,-7.15,0.53,1.93,0.05,0.05
0.52,-0.19,-0.23,-0.89,0.90,9.53,7.37,-0.31,1.71,-0.37,0.04,-0.05,-0.57,-0.37,10.46,-7.14,0.51,1.91,0.05,0.05
0.52,-0.19,-0.23,-0.88,0.90,9.51,7.39,-0.30,1.68,-0.37,0.04,-0.05,-0.57,-0.37,10.47,-7.14,0.50,1.90,0.05,0.05
0.52,-0.19,-0.23,-0.87,0.90,9.49,7.41,-0.28,1.66,-0.37,0.04,-0.05,-0.57,-0.37,10.47,-7.13,0.49,1.90,0.05,0.05
0.52,-0.19,-0.24,-0.85,0.90,9.47,7.43,-0.26,1.63,-0.37,0.04,-0.05,-0.57,-0.37,10.46,-7.12,0.48,1.89,0.05,0.05
0.53,-0.19,-0.24,-0.83,0.90,9.44,7.46,-0.25,1.59,-0.37,0.04,-0.05,-0.56,-0.37,10.45,-7.11,0.46,1.88,0.05,0.05
0.53,-0.19,-0.24,-0.79,0.90,9.42,7.48,-0.23,1.58,-0.37,0.05,-0.05,-0.55,-0.37,10.47,-7.10,0.45,1.88,0.05,0.05
0.54,-0.19,-0.24,-0.76,0.90,9.38,7.50,-0.22,1.58,-0.37,0.05,-0.05,-0.55,-0.37,10.47,-7.09,0.44,1.88,0.05,0.05
0.55,-0.19,-0.25,-0.74,0.91,9.36,7.52,-0.20,1.57,-0.38,0.05,-0.05,-0.55,-0.37,10.47,-7.08,0.44,1.88,0.05,0.05
0.56,-0.19,-0.25,-0.75,0.91,9.33,7.54,-0.19,1.54,-0.38,0.05,-0.06,-0.55,-0.37,10.43,-7.07,0.44,1.88,0.05,0.05
0.56,-0.19,-0.25,-0.77,0.91,9.28,7.54,-0.18,1.51,-0.38,0.05,-0.06,-0.54,-0.37,10.42,-7.06,0.44,1.89,0.05,0.05
0.56,-0.19,-0.25,-0.81,0.91,9.26,7.53,-0.17,1.48,-0.37,0.04,-0.05,-0.53,-0.36,10.38,-7.05,0.44,1.88,0.05,0.05
0.55,-0.19,-0.25,-0.86,0.90,9.23,7.52,-0.16,1.46,-0.36,0.04,-0.05,-0.52,-0.36,10.38,-7.03,0.45,1.87,0.05,0.05
0.54,-0.19,-0.25,-0.91,0.90,9.23,7.51,-0.15,1.44,-0.35,0.04,-0.05,-0.51,-0.36,10.39,-7.01,0.47,1.86,0.05,0.05
0.53,-0.19,-0.25,-0.97,0.89,9.21,7.51,-0.14,1.43,-0.34,0.04,-0.05,-0.50,-0.36,10.43,-7.00,0.49,1.84,0.05,0.05
0.51,-0.19,-0.24,-1.07,0.88,9.21,7.49,-0.12,1.43,-0.34,0.04,-0.05,-0.49,-0.36,10.43,-6.97,0.51,1.84,0.05,0.05
0.49,-0.19,-0.24,-1.18,0.87,9.20,7.47,-0.11,1.44,-0.33,0.04,-0.05,-0.46,-0.35,10.49,-6.95,0.53,1.82,0.05,0.05
0.47,-0.18,-0.24,-1.29,0.86,9.23,7.42,-0.11,1.47,-0.31,0.04,-0.04,-0.44,-0.35,10.50,-6.92,0.54,1.80,0.05,0.05
0.44,-0.18,-0.24,-1.36,0.85,9.34,7.38,-0.11,1.52,-0.30,0.04,-0.03,-0.42,-0.35,10.59,-6.90,0.55,1.79,0.05,0.05
0.42,-0.18,-0.23,-1.38,0.84,9.32,7.36,-0.11,1.54,-0.29,0.04,-0.02,-0.41,-0.34,10.64,-6.89,0.54,1.78,0.05,0.05
0.41,-0.18,-0.23,-1.37,0.83,9.32,7.36,-0.12,1.51,-0.27,0.04,-0.01,-0.41,-0.34,10.67,-6.88,0.53,1.76,0.05,0.05
0.40,-0.18,-0.23,-1.35,0.83,9.30,7.37,-0.11,1.49,-0.27,0.04,-0.01,-0.41,-0.34,10.64,-6.86,0.52,1.74,0.05,0.05
0.39,-0.17,-0.23,-1.34,0.83,9.28,7.37,-0.10,1.48,-0.26,0.04,-0.01,-0.41,-0.34,10.62,-6.84,0.51,1.72,0.05,0.05
0.39,-0.17,-0.23,-1.33,0.83,9.27,7.38,-0.10,1.47,-0.25,0.04,-0.01,-0.40,-0.33,10.59,-6.83,0.49,1.71,0.05,0.05
0.39,-0.17,-0.23,-1.34,0.83,9.26,7.39,-0.09,1.46,-0.25,0.04,-0.01,-0.41,-0.33,10.56,-6.81,0.49,1.70,0.05,0.05
0.39,-0.17,-0.23,-1.37,0.83,9.27,7.39,-0.08,1.45,-0.25,0.04,-0.01,-0.42,-0.33,10.50,-6.81,0.49,1.69,0.05,0.05
0.39,-0.17,-0.23,-1.39,0.83,9.29,7.39,-0.08,1.42,-0.25,0.04,-0.02,-0.42,-0.33,10.59,-6.81,0.48,1.69,0.05,0.05
0.39,-0.17,-0.23,-1.39,0.83,9.33,7.38,-0.09,1.42,-0.26,0.04,-0.03,-0.41,-0.33,10.56,-6.81,0.48,1.71,0.05,0.05
0.40,-0.17,-0.24,-1.37,0.83,9.33,7.38,-0.10,1.45,-0.27,0.04,-0.04,-0.42,-0.34,10.51,-6.82,0.49,1.74,0.05,0.05
0.40,-0.17,-0.24,-1.39,0.83,9.33,7.37,-0.10,1.49,-0.28,0.04,-0.05,-0.43,-0.34,10.50,-6.84,0.49,1.76,0.05,0.05
0.40,-0.18,-0.24,-1.35,0.83,9.34,7.38,-0.11,1.54,-0.30,0.04,-0.06,-0.43,-0.34,10.49,-6.85,0.49,1.79,0.05,0.05
0.41,-0.18,-0.24,-1.28,0.84,9.34,7.40,-0.13,1.59,-0.32,0.04,-0.07,-0.44,-0.35,10.47,-6.87,0.48,1.82,0.05,0.05
